3 7 6 4 2 5 1
525 m 4 19
692 h 6
809 r 1
956 m 4 19
1410 d 4 1 0 7
1473 m 4 19
1606 r 1
2058 r 2
2258 r 3
2373 m 3 19
2422 m 3 18
2624 d 3 1 0 4
2739 m 4 19
2856 m 3 19
2989 m 2 19
3339 m 1 19
3456 d 1 0 0 2
3556 m 4 19
3574 r 1
3723 r 2
3723 m 3 19
3738 m 2 19
3755 m 1 19
4005 d 1 2 0 3
4088 m 5 18
4104 m 6 18
4254 m 6 17
4271 m 6 16
4271 m 7 16
4287 m 7 15
4304 m 7 14
4321 m 7 13
4337 m 7 12
4355 m 7 11
4372 m 7 10
4388 m 7 9
4405 m 7 8
4421 m 7 7
4438 m 7 6
4455 m 7 5
4471 m 7 4
4488 m 7 3
4505 m 7 2
4521 m 7 1
4538 m 7 0
4638 m 6 0
5554 d 6 0 0 1
5704 m 4 19
5720 m 3 19
5737 m 2 19
5754 m 1 19
5871 h
5877 m 4 19
5887 m 3 19
5904 m 2 19
5920 m 1 19
6194 d 1 3 0 5
6288 m 4 19
6323 r 1
6440 r 2
6688 d 4 3 0 2
6789 r 1
6803 m 4 19
6921 m 3 19
7037 m 2 19
7233 d 2 4 0 4
7303 h
7336 m 4 19
7487 m 3 19
7654 m 4 19
7788 d 4 4 0 7
7872 h
7904 m 4 19
7923 r 1
8220 d 4 6 0 5
8270 m 4 19
8436 m 3 19
8453 m 2 19
8469 m 1 19
8638 d 1 5 0 6
8719 m 4 19
8854 m 3 19
8987 m 2 19
9121 d 2 6 0 3
9186 h
9220 m 4 19
9238 r 1
9389 r 2
9389 m 3 19
9403 m 2 19
9420 m 1 19
9737 d 1 8 0 1
9854 h
9906 r 1
9906 m 4 19
10053 m 3 19
10234 m 2 19
10386 d 2 9 0 6
10487 r 1
10502 m 4 19
10869 d 4 8 0 4
10937 r 1
11087 r 2
11204 r 3
11353 d 5 10 0 3
11419 m 4 19
11453 h
11585 m 4 19
11602 m 3 19
11618 m 2 19
11635 m 1 19
11853 d 1 9 0 7
11969 h
12020 r 1
12020 m 4 19
12035 m 3 19
12052 m 2 19
12070 m 1 19
12086 m 0 19
12102 m -1 19
12388 r 2 m 1 19
12555 r 3
12555 m 0 19
12771 d 0 12 0 5
12868 m 4 19
13204 d 4 11 0 2
13302 r 1
13302 m 4 19
13399 m 3 19
13535 m 2 19
13685 m 1 19
13918 d 1 11 0 1
13984 m 4 19
14018 r 1
14136 r 2
14351 d 4 13 0 4
14418 h
14484 m 4 19
14797 d 4 14 0 1
14971 d 5 15 0 6
15072 r 1
15072 m 4 19
15185 m 3 19
15340 m 2 19
15451 m 1 19
15669 d 1 13 0 2
15734 h
15825 r 1
15825 m 4 19
15951 m 3 19
16100 m 2 19
16232 m 1 19
16468 d 1 15 0 7
16534 h
16539 m 4 19
16653 r 1
16700 m 3 19
16717 m 2 19
16734 m 1 19
16751 m 0 19
16767 m -1 19
16985 d -1 16 0 5
17066 m 4 19
17218 m 3 19
17334 m 2 19
17485 d 2 16 0 3
17568 h
17734 m 4 19
17968 d 4 17 0 1
18100 m 6 19
18233 m 5 19
18416 m 6 19
18501 h
18582 m 6 19
18599 m 7 19
18618 m 8 19
18766 m 7 19
18933 m 6 19
19103 r 1
19103 m 5 19
19250 m 6 19
19318 r 2 m 7 19
19430 m 8 19
19468 r 3
19468 m 9 19
19515 m 9 18
19817 d 9 1 0 4
19901 m 4 19
20067 m 3 19
20083 m 2 19
20099 m 1 19
20317 d 1 17 0 3
20551 h
20649 m 4 19
20765 m 3 19
20951 d 3 17 0 6
21050 m 4 19
21216 m 3 19
21233 m 2 19
21250 r 1 m 1 19
21402 r 2
21521 d 1 19 0 5
21615 m 6 19
21782 m 7 19
21952 d 7 2 0 7
22084 m 6 18
22382 m 7 18
22611 d 7 0 0 2
22680 m 6 18
22731 h
22831 m 6 18
22848 m 7 18
22864 m 8 18
22882 r 1
22982 r 2
23098 r 3
23098 m 9 18
23265 d 9 1 0 2
23448 h
23548 r 1
23548 m 6 18
23864 d 6 1 0 4
23997 h
24001 m 6 18
24065 r 1
24164 m 7 18
24181 m 8 18
24248 m 8 17
24414 m 8 16
24430 m 8 15
24447 m 8 14
24504 m 8 13
24530 m 8 12
24530 m 7 12
24547 m 7 11
24564 m 7 10
24580 m 7 9
24597 m 7 8
24614 m 7 7
24630 m 7 6
24647 m 7 5
24664 m 7 4
24680 m 7 3
24697 m 7 2
24866 r 2 m 8 1
25713 d 8 1 0 5
26147 m 6 18
26315 r 1
26513 m 5 18
26646 m 6 18
26730 m 6 17
26813 d 6 1 0 1
26879 m 6 15
27029 m 7 15
27213 d 7 2 0 7
27379 h
27383 m 6 14
27396 m 7 14
27412 m 8 14
27429 m 9 14
27663 d 9 0 0 3
27764 r 1
27829 m 6 14
27846 m 7 14
27862 m 8 14
27908 r 2
28096 d 8 1 0 6
28312 m 6 14
28347 r 1
28530 r 2
28779 m 7 14
28896 d 7 1 0 4
29012 h
29016 m 6 14
29096 r 1
29178 m 7 14
29195 m 8 14
29239 r 2
29365 r 3
29365 m 9 14
29579 d 9 1 0 6
29745 m 6 14
29762 m 7 14
29951 d 7 2 0 3
30112 m 6 14
30128 m 7 14
30146 h
30150 m 6 14
30162 m 7 14
30178 m 8 14
30462 m 7 14
30829 d 7 0 0 5
31030 r 1
31030 m 6 14
31479 d 6 1 0 7
31595 m 6 14
31761 m 7 14
31778 m 8 14
31794 m 9 14
32345 h
32349 m 6 14
32361 m 7 14
32377 m 8 14
32629 d 8 0 0 1
32780 m 6 14
32794 m 7 14
32810 m 8 14
32829 r 1
33245 h
33250 m 6 14
33261 m 7 14
33277 m 8 14
33294 m 9 14
33549 m 8 14
33694 m 7 14
33827 d 7 1 0 2
33896 r 1
33896 m 6 14
34060 m 7 14
34077 m 8 14
34211 d 8 1 0 6
34346 r 1
34377 m 6 14
34410 m 7 14
34426 m 8 14
34478 r 2
34660 d 8 1 0 7
34827 m 4 14
35037 m 5 14
35128 d 5 0 0 3
35196 r 1
35245 m 4 14
35594 d 4 4 0 2
35678 r 1
35693 m 4 14
35795 r 2
35810 m 3 14
36127 d 3 2 0 4
36212 r 1
36212 m 4 14
36327 m 3 14
36493 m 2 14
36727 m 1 14
36894 d 1 3 0 5
37077 m 4 14
37127 h
37213 r 1
37243 m 4 14
37261 m 3 14
37277 m 2 14
37293 m 1 14
37310 m 0 14
37595 d 0 3 0 1
37760 h
37810 m 4 14
37859 r 1
38026 m 3 14
38277 d 3 4 0 7
38392 h
38442 m 4 13
38479 r 1
38728 d 4 5 0 3
38792 m 4 13
38942 m 3 13
38959 m 2 13
38976 m 1 13
39110 d 1 5 0 1
39159 h
39227 r 1
39227 m 4 13
39359 m 3 13
39509 m 2 13
39638 d 2 6 0 2
39709 h
39758 m 4 13
40094 d 4 7 0 6
40209 h
40258 m 4 13
40509 d 4 8 0 4
40558 m 4 13
40610 r 1
40725 m 3 13
40875 m 2 13
41159 m 1 13
41289 d 1 8 0 5
41340 m 4 13
41358 h
41460 r 1
41491 m 4 13
41508 m 3 13
41525 m 2 13
41541 m 1 13
41558 m 0 13
41574 m -1 13
41792 d -1 9 0 7
41925 h
42026 r 1
42026 m 4 13
42175 m 3 13
42308 m 2 13
42474 m 1 13
42609 d 1 10 0 2
42725 r 1
42725 m 6 12
43042 d 6 1 0 4
43144 r 1
43277 r 2
43277 m 4 12
43442 m 3 12
43458 m 2 12
43475 m 1 12
43609 d 1 11 0 6
43707 m 6 12
44024 m 7 12
44176 m 8 12
44325 h
44332 m 6 12
44343 m 7 12
44358 m 8 12
44374 m 9 12
44642 d 9 0 0 3
44857 h
44924 m 6 11
44943 r 1
45257 d 6 1 0 1
45306 m 6 11
45473 m 7 11
45573 d 7 2 0 5
45692 r 1
45723 m 6 11
45740 m 7 11
45756 m 8 11
45809 r 2
45959 r 3
45959 m 9 11
46207 m 9 10
46373 m 9 9
46394 m 9 8
46407 m 9 7
46423 m 9 6
46440 m 9 5
46457 m 9 4
46473 m 9 3
46490 m 9 2
46507 m 9 1
46609 r 0 m 8 0
47523 d 8 0 1 3
47875 r 1
47923 m 4 11
48042 r 2
48407 d 4 5 0 1
48490 m 6 10
48525 r 1
48685 m 7 10
48705 m 8 10
48875 d 8 1 0 2
49139 m 4 9
49374 r 1
49524 r 2
49691 r 3
49889 m 4 8
50055 m 4 7
50072 m 4 6
50222 m 3 6
51088 d 3 6 0 6
51456 d 5 5 0 5
51771 m 4 9
51988 d 4 7 0 4
52138 m 6 9
52304 m 7 9
52405 d 7 2 0 7
52571 m 6 9
52871 m 7 9
53055 d 7 0 0 2
53205 m 6 9
53238 h
53372 m 6 9
53388 m 7 9
53404 m 8 9
53423 r 1
53622 d 8 1 0 3
53822 r 1
53970 m 6 9
54210 d 6 1 0 5
54270 m 6 9
54305 r 1
54438 r 2
54438 m 7 9
54453 m 8 9
54624 d 8 1 0 4
54787 m 6 9
54803 m 7 9
55037 d 7 1 0 6
55187 m 6 9
55205 r 1
55587 d 6 1 0 1
55719 m 6 9
55837 m 5 9
55987 m 4 9
56004 m 3 9
56021 m 2 9
56038 m 1 9
56354 h
56359 m 4 9
56370 m 3 9
56386 m 2 9
56403 m 1 9
56620 m 2 9
56837 m 3 9
57003 m 4 9
57020 m 5 9
57036 m 6 9
57053 m 7 9
57070 m 8 9
57338 d 8 0 0 7
57454 m 4 9
57620 m 3 9
57638 m 2 9
57653 m 1 9
57803 d 1 0 0 7
58070 h
58230 r 1
58355 r 2
58521 r 3
58837 d 5 1 0 4
58903 m 4 10
58938 r 1
59071 m 3 10
59085 m 2 10
59102 m 1 10
59119 m 0 10
59135 m -1 10
59336 d -1 2 0 3
59436 m 4 10
59587 m 3 10
59774 d 3 1 0 5
59889 r 1
59889 m 4 10
60003 m 3 10
60136 m 2 10
60303 m 1 10
60486 d 1 1 0 6
60510 m 4 10
60668 m 3 10
60685 m 2 10
60702 m 1 10
60920 d 1 3 0 1
61001 m 4 10
61285 d 4 3 0 2
61390 h
61398 m 4 10
61553 m 3 10
61803 d 3 4 0 7
61885 h
61920 r 1
62054 r 2
62187 r 3
62352 d 5 5 0 2
62407 m 4 10
62569 m 3 10
62585 m 2 10
62601 m 1 10
62785 d 1 5 0 4
62834 h
62884 m 4 10
63186 d 4 6 0 5
63235 m 4 10
63269 r 1
63404 r 2
63404 m 3 10
63418 m 2 10
63434 m 1 10
63603 d 1 7 0 6
63718 r 1
63718 m 4 10
63867 m 3 10
64067 d 3 8 0 3
64119 r 1
64119 m 6 10
64257 r 2
64284 m 7 10
64301 m 8 10
64387 r 3
64387 m 9 10
64535 d 9 1 0 1
64700 m 6 10
64717 m 7 10
64734 m 8 10
64884 h
64890 m 6 10
64900 m 7 10
65269 d 7 2 0 3
65550 m 6 10
65684 h
65735 r 1
65735 m 6 10
65902 r 2
65902 m 7 10
66118 r 3
66251 r 0
66368 r 1
66650 m 7 9
66683 m 6 9
66816 m 6 8
66833 m 6 7
66850 m 6 6
66867 m 6 5
66884 m 6 4
66900 m 6 3
66917 m 6 2
66934 m 6 1
67068 r 0 m 7 0
67948 d 7 0 1 5
68365 m 6 11
68531 m 7 11
68632 h
68716 r 1
68716 m 6 11
68851 r 2
68851 m 7 11
69182 d 7 1 0 2
69248 m 6 11
69423 m 7 11
69549 d 7 1 0 7
69715 h
69718 m 6 11
69731 m 7 11
69748 m 8 11
69833 r 1
70015 d 8 1 0 1
70248 m 6 11
70399 m 7 11
70549 d 7 0 0 4
70682 m 6 11
70698 h
70849 r 1
70849 m 6 11
70864 m 7 11
70881 m 8 11
70966 r 2
71148 d 8 1 0 6
71281 m 4 11
71431 m 3 11
71448 m 2 11
71464 m 1 11
71765 d 1 0 0 7
72165 h
72266 r 1
72266 m 4 12
72431 m 3 12
72564 m 2 12
72732 d 2 1 0 2
72833 r 1
72848 m 4 12
72983 r 2
73100 r 3
73537 d 4 3 0 5
73800 r 1
73800 m 6 12
74447 m 5 12
74498 h
74599 r 1
74630 m 4 12
75014 d 4 2 0 3
75131 m 4 12
75481 h
75498 m 6 12
75531 r 1
75664 r 2
75798 r 3
75863 m 5 12
76098 d 5 5 0 1
76264 m 5 7
76314 m 4 7
76430 m 4 6
76482 m 3 6
76496 m 3 5
76496 m 2 5
76513 m 2 4
76513 m 1 4
76530 m 1 3
76546 m 1 2
76763 m 2 2
77562 d 2 2 0 4
77679 m 6 8
77714 r 1
78080 d 6 1 0 6
78180 m 4 8
78231 r 1
78346 m 3 8
78362 m 2 8
78379 m 1 8
78396 m 0 8
78580 d 0 2 0 7
78679 h
78713 m 4 8
78863 m 3 8
78880 m 2 8
78897 m 1 8
79148 d 1 3 0 6
79196 h
79265 r 1
79265 m 4 8
79412 m 3 8
79546 m 2 8
79713 d 2 5 0 1
79779 m 4 8
79929 m 3 8
80079 m 4 8
80213 d 4 5 0 3
80329 h
80333 m 4 8
80495 m 3 8
80511 m 2 8
80528 m 1 8
80663 r 1 m -1 8
80813 d -1 7 0 4
80897 r 1
80912 m 4 8
81229 d 4 7 0 2
81346 m 4 9
81512 m 3 9
81533 m 2 9
81565 r 1
81729 m 1 9
82013 d 1 6 0 5
82111 m 6 9
82197 r 1
82262 m 7 9
82278 m 8 9
82346 r 2
82481 r 3
82481 m 9 9
82671 m 9 8
82835 m 9 7
82854 m 9 6
82878 m 9 5
82895 m 9 4
82912 m 9 3
82929 m 9 2
82945 m 9 1
83032 r 0 m 8 0
83961 d 8 0 1 2
84017 m 4 9
84176 m 3 9
84193 m 2 9
84210 m 1 9
84494 d 1 8 0 3
84777 m 6 9
84795 r 1
84943 m 7 9
84960 m 8 9
85312 r 2
85510 m 8 8
85603 h
85607 m 6 9
85626 m 7 9
85643 m 8 9
85762 r 1
85994 m 7 9
86176 m 6 9
86445 d 6 2 0 7
86510 m 6 9
86661 m 7 9
86677 m 8 9
86693 m 9 9
86895 d 9 1 0 6
87060 m 6 9
87076 m 7 9
87093 m 8 9
87461 h
87468 m 6 9
87478 m 7 9
87493 m 8 9
87894 d 8 2 0 1
88143 m 6 9
88177 r 1
88335 m 7 9
88344 r 2
88794 m 8 9
88898 r 3
88898 m 8 8
88961 m 9 8
89243 h
89249 m 6 9
89265 m 7 9
89294 m 8 9
89346 r 1
89577 d 8 4 0 4
89643 r 1
89943 d 5 4 0 5
90093 m 6 8
90161 r 1
90309 m 7 8
90328 r 2
90495 r 3
90810 d 7 3 0 4
91192 m 6 8
91392 m 7 8
91558 d 7 4 0 5
91608 m 6 8
91626 r 1
91759 r 2
91759 m 7 8
91774 m 8 8
91893 r 3
91893 m 9 8
92192 d 9 3 0 2
92524 m 4 8
92576 r 1
93207 m 4 7
93325 h
93458 m 4 8
93492 r 1
93858 m 3 8
93893 r 2
94010 r 3
94124 m 4 8
94341 m 4 7
94358 m 3 7
94724 m 4 7
94742 r 0
94908 r 1
95040 m 3 7
95208 m 2 7
95357 m 1 7
95357 m 1 6
95607 d 1 6 0 7
95723 m 6 6
95742 r 1 m 5 6
96007 r 2 m 5 8
96007 m 6 8
96023 m 7 8
96039 m 8 8
96152 r 3
96152 m 9 8
96442 r 0 m 8 8
96623 m 8 7
96725 r 1
96890 d 8 5 0 1
97323 r 1
97356 m 4 20
97823 d 4 4 0 6
97923 r 1
97923 m 4 16
98072 m 3 16
98222 m 2 16
98455 d 2 4 0 3
98607 r 1
98607 m 4 16
98939 d 4 4 0 7
99056 m 4 16
99074 r 1
99222 m 3 16
99238 m 2 16
99255 m 1 16
99272 m 0 16
99288 m -1 16
99523 d -1 5 0 1
99655 m 6 16
99676 r 1
99992 r 2
99992 m 7 16
100140 r 3
100471 m 8 16
100538 m 8 15
100639 r 0
100905 d 8 4 0 3
101142 m 6 15
101191 r 1
101905 m 6 14
102122 h
102156 r 1
102340 r 2
102557 m 6 15
102640 r 3
102757 r 0
102940 r 1
103138 m 6 14
103155 d 6 4 0 2
103289 r 1
103289 m 4 15
103388 m 3 15
103538 m 2 15
103704 d 2 3 0 5
103821 h
103890 r 1
103890 m 4 15
104072 r 2
104072 m 3 15
104421 m 2 15
104672 d 2 5 0 4
104921 h
104987 m 4 15
105005 r 1
105171 r 2
105171 m 3 15
105438 d 3 6 0 6
105503 m 6 15
105521 r 1
105655 r 2
105655 m 7 15
105669 m 8 15
105870 d 8 6 0 1
105896 m 4 15
105979 r 1
106052 m 3 15
106187 m 2 15
106320 m 1 15
106471 d 1 7 0 7
106537 m 6 13
106703 m 7 13
106719 m 8 13
106736 m 9 13
106920 d 9 7 0 5
107055 r 1
107186 m 6 13
107420 m 5 13
107541 h
107636 m 4 13
107990 d 4 7 0 4
108037 r 1
108169 m 4 12
108371 d 4 6 0 3
108918 m 4 12
109004 h
109105 r 1
109136 m 4 12
109305 r 2
109319 m 3 12
109470 m 2 12
109702 d 2 7 0 6
109786 m 6 10
109803 r 1
109902 m 5 10
110069 m 4 10
110085 m 3 10
110102 m 2 10
110119 m 1 10
110135 m 0 10
110402 d 0 7 0 2
110503 r 1
110503 m 6 9
110802 d 6 5 0 2
110952 h
111018 m 6 8
111302 d 6 5 0 6
111652 h
111886 r 1
111887 m 4 8
112020 r 2
112185 r 3
112352 d 4 6 0 4
112468 m 4 8
112652 r 1
112968 r 2 m 4 10
113188 r 3
113351 m 3 10
113367 m 3 9
113517 m 2 9
113534 m 1 9
113801 m 2 9
113918 d 2 7 0 5
114017 m 6 8
114184 m 7 8
114200 m 8 8
114217 m 9 8
114417 d 9 5 0 1
114734 h
114770 r 1
114917 m 4 8
115201 d 4 7 0 7
115533 m 6 8
115601 r 1
115966 m 7 8
116217 m 7 7
116234 m 6 7
116467 d 6 6 0 3
116600 m 6 8
116766 m 7 8
116783 m 8 8
117001 d 8 5 0 7
117166 m 6 8
117332 m 7 8
117349 m 8 8
117450 h
117455 m 4 8
117601 r 1
117799 m 5 8
117834 r 2
118134 r 3
118267 r 0
118465 m 5 7
118516 d 5 7 0 6
118565 m 6 9
118716 m 7 9
118733 m 8 9
118984 d 8 6 0 3
