7 4 6 3 2 1 5
1022 m 5 18
1340 m 4 18
1505 m 3 18
1522 m 2 18
1539 m 1 18
1727 d 1 0 0 6
1875 r 1
1974 m 4 19
2154 m 3 19
2321 m 2 19
2490 d 2 1 0 3
2689 m 6 19
2855 m 7 19
2871 m 8 19
2891 r 1
3041 r 2
3141 r 3
3222 m 9 19
3439 d 9 1 0 5
4454 m 5 18
4488 d 5 0 0 1
4671 m 6 19
4790 r 1
4956 r 2
5090 r 3
5372 d 6 1 0 2
5522 m 6 19
5640 r 1
5687 m 7 19
5704 m 8 19
5955 d 8 3 0 4
6155 m 4 19
6290 r 1
6320 m 3 19
6337 m 2 19
6354 m 1 19
6371 m 0 19
6387 m -1 19
6605 d -1 3 0 7
6838 m 4 19
6957 r 1
7157 r 2
7323 r 3
7603 d 4 3 0 7
7938 m 6 19
8337 m 7 19
8503 m 8 19
8520 m 9 19
8603 m 9 18
8771 d 9 5 0 1
8953 m 4 19
9021 r 1
9236 m 3 19
9419 m 2 19
9603 m 1 19
9754 m 0 19
9786 m 0 18
10004 d 0 4 0 5
10437 h 2
10637 r 1
10719 m 4 19
10903 m 3 19
11053 m 2 19
11304 d 2 4 0 4
11485 m 4 19
11604 r 1
11651 m 3 19
11668 m 2 19
11685 m 1 19
11702 m 0 19
12068 h
12273 r 1
12370 m 4 19
12571 m 3 19
12820 d 3 5 0 6
12986 m 4 19
13073 r 1
13152 m 3 19
13168 m 2 19
13185 m 1 19
13202 m 0 19
13419 d 0 6 0 3
13635 m 4 19
13755 r 1
13802 m 3 19
14185 h
14452 m 4 19
14635 m 3 19
14886 d 3 6 0 1
15034 m 4 19
15200 m 3 19
15216 m 2 19
15233 m 1 19
15502 d 1 7 0 3
16517 m 5 18
16954 r 1
17285 d 5 5 0 7
17653 r 1
17653 m 4 19
18085 r 2
18268 r 3
18299 m 4 18
18419 r 0
18517 m 3 18
18850 d 3 8 0 2
19050 m 6 19
19218 r 1
19218 m 7 19
19233 m 8 19
19866 m 8 18
20067 d 8 8 0 6
20417 m 4 19
20683 m 3 19
20849 m 2 19
20865 m 1 19
21082 m 1 18
21117 d 1 9 0 5
21298 m 4 19
21483 m 3 19
21666 m 2 19
21917 d 2 10 0 4
22085 r 1
22166 m 4 19
22366 m 3 19
22648 d 3 10 0 3
22949 m 4 19
23149 m 3 19
23616 h
23766 m 4 19
23901 r 1
23931 m 3 19
23948 m 2 19
23965 m 1 19
23981 m 0 19
24316 d 0 12 0 2
24615 m 4 19
25032 m 3 19
25167 r 1
25197 m 2 19
25331 m 2 18
25367 r 2
25580 m 3 18
25865 d 3 12 0 7
26064 m 4 19
26282 m 3 19
26880 m 3 18
27397 m 4 18
27565 m 5 18
27582 r 1
27582 m 6 18
27597 m 7 18
27611 m 8 18
27782 r 2
27899 r 3
27899 m 8 17
27980 m 9 17
28314 d 9 10 0 6
29295 m 4 19
29328 m 4 18
29497 m 3 18
29663 m 2 18
29931 d 2 13 0 1
30133 r 1
30214 m 4 19
30531 d 4 5 0 5
31098 h
31345 m 6 19
31580 d 6 7 0 4
31862 m 6 19
32163 d 6 9 0 1
33179 m 5 18
33214 r 1
33913 d 5 12 0 7
34744 m 4 19
34846 r 1
34927 m 4 18
35428 h
35696 r 1
35761 m 4 19
35977 m 3 19
36443 m 3 18
36994 d 3 14 0 6
37327 m 4 19
37445 r 1
37493 m 3 19
37510 m 2 19
37526 m 1 19
37709 m 2 19
37846 r 2
37860 m 3 19
38010 m 3 18
38227 m 4 18
38330 r 3
38911 h
39080 r 1
39227 m 6 19
39926 m 6 18
40261 d 6 13 0 4
40729 r 1
41210 d 5 15 0 5
41377 r 1
41492 m 6 19
41927 d 6 16 0 3
42126 m 4 19
42228 r 1
42292 m 3 19
42308 m 2 19
42325 m 1 19
42623 m 2 19
42809 m 1 19
42941 m 1 18
43042 d 1 15 0 2
43227 r 1
43292 m 4 19
43659 d 4 16 0 6
43892 m 4 19
44027 r 1
44275 m 3 19
44674 m 3 18
44858 m 2 18
45208 m 3 18
45674 m 3 17
45991 h
46341 m 6 19
46657 m 5 19
46793 r 1
46823 m 4 19
46840 m 3 19
46856 m 2 19
46873 m 1 19
46890 m 0 19
47005 m 0 18
47024 r 2 m 1 18
47178 r 3
47274 m 2 18
47592 m 3 18
47908 d 3 17 0 2
48106 h
48190 m 6 19
48340 m 7 19
48357 m 8 19
48394 r 1
48576 r 2
48677 r 3
48757 m 9 19
49007 m 9 18
49173 m 9 17
49190 m 9 16
49206 m 9 15
49223 m 9 14
49240 m 9 13
49443 r 0 m 8 12
49593 r 1 m 7 10
50256 d 7 10 2 7
50659 r 1
51157 d 5 15 0 1
51440 m 4 19
51525 r 1
51605 m 3 19
51622 m 2 19
51639 m 1 19
51656 m 0 19
51672 m -1 19
51923 d -1 13 0 5
52105 m 4 19
52290 m 3 19
52456 m 2 19
52654 m 1 19
52856 m 2 19
52938 m 2 18
53056 d 2 14 0 3
53255 m 4 19
53340 r 1
53523 r 2
53656 r 3
53955 d 4 15 0 4
54105 m 4 19
54256 r 1
54256 m 3 19
54270 m 2 19
54287 m 1 19
54304 m 0 19
54970 m 0 18
55757 r 2 m 1 18
55940 r 3
55971 m 1 17
56055 m 2 17
56987 d 2 17 0 1
57304 m 4 19
57405 d 4 17 0 7
57569 m 4 19
57586 m 3 19
57603 m 2 19
57620 m 1 19
57669 h
57672 m 4 19
57685 m 3 19
57701 m 2 19
57718 m 1 19
58188 r 1
58188 m 0 19
58669 m 0 18
58920 d 0 16 0 3
59119 m 6 19
59153 h
59286 m 6 19
59302 m 7 19
59318 m 8 19
59355 r 1
59521 r 2
59621 r 3
59669 m 9 19
59903 m 9 18
60069 m 9 17
60086 m 9 16
60103 m 9 15
60119 m 9 14
60136 m 9 13
60153 m 9 12
60169 m 9 11
60186 m 9 10
60339 r 0 m 8 9
60489 r 1 m 7 7
61202 d 7 7 2 6
61553 m 4 19
61705 r 1
61705 m 3 19
61719 m 2 19
61736 m 1 19
61752 m 0 19
61769 m -1 19
62018 d -1 17 0 4
62318 m 4 19
62603 d 4 15 0 5
63068 m 4 19
63185 h
63319 r 1
63386 m 4 19
63552 m 3 19
63568 m 2 19
63902 m 1 19
64119 d 1 16 0 2
64385 h
64587 r 1
64735 m 6 19
65019 d 6 13 0 5
65201 m 6 19
65367 m 7 19
65386 r 1
65386 m 8 19
65553 r 2
65653 r 3
65734 m 9 19
65968 m 9 18
66134 m 9 17
66151 m 9 16
66167 m 9 15
66184 m 9 14
66201 m 9 13
66217 m 9 12
66234 m 9 11
66251 m 9 10
66267 m 9 9
66284 m 9 8
66301 m 9 7
66455 r 0 m 8 6
66603 r 1 m 7 4
67317 d 7 4 2 6
68217 m 4 19
68317 m 4 18
68801 d 4 14 0 3
69134 h
69251 m 4 19
69336 r 1
69416 m 3 19
69433 m 2 19
69450 m 1 19
69466 m 0 19
69767 m 1 19
69984 d 1 15 0 1
70151 r 1
70366 m 6 19
70834 d 6 12 0 4
71036 r 1
71132 m 6 19
71499 d 6 15 0 7
71749 m 4 19
71867 r 1
71915 m 3 19
71931 m 2 19
71948 m 1 19
71964 m 0 19
72415 d 0 17 0 2
72734 r 1
72815 m 4 19
73265 d 4 15 0 1
73498 m 4 19
73550 r 1
73734 r 2
73883 r 3
74182 d 4 17 0 2
74415 h
74498 m 4 19
74664 m 3 19
74998 m 2 19
75365 d 2 17 0 5
75597 m 4 19
75763 m 3 19
75780 m 2 19
75797 m 1 19
76082 m 2 19
76381 m 2 18
77397 d 2 18 0 4
77647 h
77652 m 4 19
78663 d 4 19 0 6
