7 2 1 3 6 5 4
1018 m 5 18
1420 m 4 18
1904 m 3 18
2025 m 3 17
2233 d 3 0 0 1
2511 m 6 19
2670 m 7 19
2690 m 8 19
2873 d 8 0 0 4
3300 d 5 0 0 2
3519 m 6 19
3703 m 7 19
3943 d 7 1 0 6
4090 m 6 19
4192 r 1
4491 h 3
4715 m 6 19
4776 r 1
4996 m 7 19
5175 m 8 19
5432 d 8 4 0 5
5896 d 5 2 0 7
6160 r 1
6359 m 4 19
6561 d 4 4 0 6
7124 r 1
7262 m 6 19
7563 m 6 18
7765 d 6 4 0 5
8094 r 1
8273 r 2
8551 d 5 6 0 4
8800 m 4 19
8862 r 1
9199 m 5 19
9281 r 2
9421 r 3
9561 r 0
9561 m 5 18
9820 d 5 7 0 1
10105 m 6 19
10327 d 6 8 0 3
10492 m 6 19
10534 r 1
10672 m 7 19
10951 d 7 3 0 2
11077 m 6 19
11478 h
11616 m 6 19
11738 r 1
11776 m 7 19
12158 r 2
12358 r 3
12499 m 8 19
12499 m 8 18
12759 d 8 6 0 7
12879 m 6 19
12983 r 1
13120 m 7 19
13360 d 7 7 0 1
13484 m 6 19
13647 r 1
13647 m 7 19
13665 m 8 19
13908 d 8 8 0 3
14115 m 6 19
14276 m 7 19
14438 m 8 19
14717 d 8 9 0 7
14899 r 1
15020 m 4 19
15260 d 4 10 0 2
15465 h
15708 m 6 19
16467 m 6 18
16530 r 1
16651 m 5 18
16952 m 4 18
17174 d 4 12 0 6
17384 r 1
17522 m 6 19
17782 d 6 11 0 5
17990 m 6 19
18210 m 7 19
18351 h
18431 m 6 19
18610 m 7 19
18790 m 8 19
18993 d 8 11 0 4
19200 m 6 19
19380 m 5 19
19599 d 5 13 0 1
19781 m 6 19
19923 m 7 19
20066 m 8 19
20267 d 8 13 0 2
20392 m 6 19
20474 r 1
20817 r 2
21058 d 6 15 0 7
21225 r 1
21386 r 2
21625 m 6 19
21809 m 5 19
22072 d 5 16 0 6
22278 h
22420 m 6 19
22521 r 1
22720 r 2
22943 r 3
23125 m 7 19
23285 m 7 18
23692 d 7 17 0 3
23818 m 6 19
23977 m 7 19
24081 r 1
24081 m 8 19
24702 d 8 13 0 4
24882 h
24942 m 6 19
25102 m 7 19
25122 m 8 19
25143 r 1
25283 r 2
25383 r 3 m 9 19
25850 d 9 16 0 5
26218 m 4 19
26481 h
26946 d 5 17 0 6
27432 m 4 19
27592 m 3 19
27613 r 1
27613 m 2 19
27632 m 1 19
27652 m 0 19
27933 r 2 m 1 19
27952 m 1 18
28194 d 1 1 0 5
28314 m 4 19
28477 r 1
28477 m 3 19
28496 m 2 19
28515 m 1 19
28535 m 0 19
28678 r 2 m 1 19
28958 d 1 1 0 7
29101 m 4 19
29243 r 1
29261 m 3 19
29281 m 2 19
29301 m 1 19
29321 m 0 19
29685 r 2 m 1 19
29824 m 2 19
29964 m 2 18
30147 d 2 1 0 3
30458 m 4 19
30619 m 3 19
30639 m 2 19
30659 m 1 19
30680 h
30780 m 4 19
30900 r 1
30939 m 3 19
30960 m 2 19
30981 m 1 19
31000 m 0 19
31281 d 0 1 0 4
31391 m 4 19
31553 m 3 19
31633 m 2 19
31833 h
31934 m 4 19
32114 m 3 19
32357 d 3 0 0 1
32548 m 4 19
32672 r 1
32709 m 3 19
32730 m 2 19
32750 m 1 19
32769 m 0 19
32790 m -1 19
32952 r 2 m 1 19
33235 d 1 2 0 2
33419 m 4 19
33540 r 1
33579 m 3 19
33599 m 2 19
33619 m 1 19
33639 m 0 19
33942 d 0 1 0 5
34213 m 4 19
34376 h
34379 m 4 19
34395 m 3 19
34416 m 2 19
34438 m 1 19
34521 r 1
34662 m 2 19
34925 m 2 18
35083 m 2 17
35103 m 2 16
35123 m 2 15
35143 m 2 14
35164 m 2 13
35184 m 2 12
35204 m 2 11
35224 m 2 10
35244 m 2 9
35264 m 2 8
35284 m 2 7
35304 m 2 6
35324 m 2 5
35344 m 2 4
35365 m 2 3
35385 m 2 2
35405 m 2 1
35508 r 2
35687 d 2 1 0 1
35851 m 4 19
36153 m 3 19
36453 m 2 19
36634 m 2 18
36793 m 2 17
36814 m 2 16
36835 m 2 15
36856 m 2 14
36875 m 2 13
36895 m 2 12
36915 m 2 11
36935 m 2 10
36956 m 2 9
36976 m 2 8
36997 m 2 7
37017 m 2 6
37038 m 2 5
37058 m 2 4
37079 m 2 3
37099 m 2 2
37120 m 2 1
37242 r 3 m 3 1
37483 d 3 1 1 4
37706 m 4 19
37870 m 3 19
37891 m 2 19
37912 m 1 19
38316 d 1 0 0 3
38588 m 4 19
38668 h
38750 m 4 19
38770 m 3 19
38790 m 2 19
38810 m 1 19
39053 d 1 1 0 6
39173 m 4 19
39275 r 1
39334 m 3 19
39455 m 2 19
39735 d 2 1 0 2
39901 m 4 19
40044 r 1
40062 m 3 19
40082 m 2 19
40103 m 1 19
40123 m 0 19
40245 r 2 m 1 19
40464 d 1 1 0 7
40744 h
40824 m 4 19
40985 r 1
40985 m 3 19
41005 m 2 19
41024 m 1 19
41045 m 0 19
41249 d 0 1 0 3
41434 m 4 19
41594 m 3 19
41614 r 1
41614 m 2 19
41633 m 1 19
41897 r 2
42017 m 2 19
42199 d 2 1 0 7
42403 m 4 19
42483 r 1
42663 m 3 19
42803 m 2 19
43007 d 2 1 0 2
43166 m 4 19
43328 m 3 19
43449 m 2 19
43613 m 1 19
43919 d 1 0 0 1
44004 m 6 19
44167 r 1
44167 m 7 19
44185 m 8 19
44387 d 8 1 0 4
44674 r 1
44854 r 2
45095 d 5 2 0 6
45242 m 6 19
45402 m 7 19
45422 m 8 19
45587 d 8 2 0 5
45751 m 6 19
45954 m 5 19
46115 d 5 3 0 4
46282 m 6 19
46344 r 1
46444 m 7 19
46465 m 8 19
46609 r 2
46750 r 3
46830 m 9 19
46991 d 9 4 0 7
47112 m 6 19
47174 r 1
47436 d 6 4 0 1
47521 m 6 19
47622 r 1
47743 m 7 19
47965 d 7 5 0 2
48049 m 6 19
48132 r 1
48210 m 7 19
48231 m 8 19
48412 d 8 7 0 6
48601 r 1
48744 r 2
48968 r 3
49127 d 5 6 0 3
49269 r 1
49350 m 4 19
49528 m 3 19
49711 d 3 8 0 5
49838 m 6 19
49922 r 1
50161 m 7 19
50384 m 8 19
50587 d 8 9 0 1
50756 m 6 19
50857 r 1
51138 m 7 19
51261 r 2
51482 r 3
51583 m 8 19
51603 m 8 18
51784 m 9 18
52026 d 9 11 0 7
52229 h
52391 m 6 19
52472 r 1
52654 m 7 19
52874 m 6 19
53076 d 6 8 0 3
53181 m 6 19
53242 r 1
53363 r 2
53504 r 3
53807 d 6 7 0 6
53951 h
54191 m 6 19
54351 m 5 19
54532 d 5 9 0 4
54678 m 6 19
54838 m 7 19
55022 d 7 10 0 2
55226 h
55347 r 1
55490 r 2
55712 r 3
55913 d 5 12 0 5
56055 m 6 19
56219 r 1
56219 m 7 19
56238 m 8 19
56462 d 8 13 0 2
56602 m 6 19
56663 r 1
56962 m 7 19
57123 m 8 19
57285 d 8 15 0 6
57431 m 6 19
57593 m 7 19
57774 d 7 12 0 7
57879 r 1
58000 m 4 19
58240 d 4 13 0 1
58341 m 6 19
58422 r 1
58640 m 5 19
58822 d 5 15 0 4
58925 m 6 19
59026 r 1
59126 r 2
59287 r 3
59326 m 7 19
59527 d 7 15 0 5
59727 m 4 19
59790 r 1
59970 m 3 19
60212 d 3 17 0 3
60492 m 6 19
60941 d 6 17 0 3
61369 m 6 19
61432 r 1
61615 r 2 m 7 19
61874 r 3 m 8 20
61952 d 8 20 0 2
61992 m 4 19
62496 m 3 19
62656 m 2 19
62678 r 1
62678 m 1 19
62696 m 0 19
62916 r 2 m 1 19
62955 m 1 18
63058 r 3
63157 m 2 18
63340 m 3 18
63561 d 3 1 0 5
63722 m 4 19
63883 m 3 19
63904 m 2 19
63924 m 1 19
64168 h
64269 m 4 19
64428 m 3 19
64448 m 2 19
64469 m 1 19
64633 d 1 2 0 7
64726 m 4 19
64888 m 3 19
64907 m 2 19
64927 m 1 19
65312 d 1 0 0 1
65512 m 4 19
65674 r 1
65674 m 3 19
65692 m 2 19
65712 m 1 19
65733 m 0 19
65753 m -1 19
65915 h
66035 m 4 19
66155 r 1
66195 m 3 19
66215 m 2 19
66235 m 1 19
66255 m 0 19
66436 d 0 1 0 4
66556 m 4 19
66716 m 3 19
66998 d 3 0 0 6
67171 m 4 19
67333 m 3 19
67353 m 2 19
67373 m 1 19
67654 h
67754 m 4 19
67913 m 3 19
67933 m 2 19
67953 m 1 19
68138 d 1 1 0 2
68249 m 4 19
68409 r 1
68409 m 3 19
68427 m 2 19
68447 m 1 19
68468 m 0 19
68607 r 2 m 1 19
69147 m 1 18
69168 d 1 1 0 7
69311 m 4 19
69471 m 3 19
69491 m 2 19
69511 m 1 19
69795 d 1 1 0 5
69911 m 4 19
70073 r 1
70073 m 3 19
70091 m 2 19
70111 m 1 19
70234 r 2
70354 r 3
70435 m 2 19
70737 m 3 19
70796 m 3 18
70939 d 3 1 0 4
71168 m 4 19
71327 m 3 19
71348 h
71449 m 4 19
71610 m 3 19
71630 m 2 19
71650 m 1 19
71813 d 1 0 0 1
72059 m 4 19
72220 m 3 19
72241 m 2 19
72262 m 1 19
72284 r 1
72284 m 0 19
72483 h
72625 m 4 19
72728 r 1
72908 m 3 19
73050 m 2 19
73273 d 2 1 0 6
73413 m 4 19
73574 r 1
73574 m 3 19
73592 m 2 19
73611 m 1 19
73631 m 0 19
74290 m 0 18
74351 h
74472 m 4 19
74594 r 1
74632 m 3 19
74652 m 2 19
74672 m 1 19
74692 m 0 19
74854 r 2 m 1 19
75054 d 1 1 0 3
75198 m 4 19
75340 r 1
75358 m 3 19
75378 m 2 19
75399 m 1 19
75419 m 0 19
75541 r 2 m 1 19
75806 d 1 1 0 6
75998 m 4 19
76118 r 1
76156 m 3 19
76175 m 2 19
76301 r 2
76420 r 3
76540 m 3 19
76721 d 3 1 0 7
76947 m 4 19
77106 m 3 19
77127 m 2 19
77147 m 1 19
77728 m 1 18
77951 h
78092 m 4 19
78253 m 3 19
78273 m 2 19
78294 m 1 19
78580 d 1 1 0 1
78805 m 4 19
78948 r 1
78966 m 3 19
78987 m 2 19
79007 m 1 19
79027 m 0 19
79286 m 0 18
79447 m 0 17
79467 m 0 16
79487 m 0 15
79507 m 0 14
79527 m 0 13
79547 m 0 12
79567 m 0 11
79587 m 0 10
79607 m 0 9
79627 m 0 8
79648 m 0 7
79668 m 0 6
79688 m 0 5
79709 m 0 4
79730 m 0 3
79751 m 0 2
79895 r 2 m 1 1
80075 d 1 1 0 3
80359 m 4 19
80461 r 1
80520 m 3 19
80540 m 2 19
80680 h
80822 m 4 19
80864 r 1
81144 m 3 19
81325 m 2 19
81547 d 2 2 0 4
82095 r 1
82238 r 2
82338 r 3
82417 m 6 19
82557 m 6 18
82660 d 6 3 0 2
83192 d 5 3 0 5
83337 m 6 19
83400 r 1
83562 r 2
83804 d 6 5 0 5
83951 r 1
84073 m 4 19
84215 m 3 19
84380 d 3 5 0 1
84670 m 4 19
84852 d 4 6 0 3
84958 m 6 19
85120 m 7 19
85343 d 7 6 0 4
85471 r 1
85551 m 4 19
85775 d 4 8 0 6
85940 m 6 19
86002 r 1
86184 r 2
86445 m 7 19
86528 r 3
86690 r 0
86789 m 7 18
86891 m 8 18
86954 r 1
87135 r 2
87235 r 3
87497 d 8 7 0 2
87582 m 6 19
87704 r 1
87742 m 7 19
87762 m 8 19
87987 d 8 2 0 7
88127 m 6 19
88332 r 1
88451 m 7 19
88612 m 8 19
88752 d 8 5 0 4
88936 r 1
89115 m 6 19
89316 d 6 8 0 7
89455 m 6 19
89762 h
89866 r 1
90088 m 6 19
90251 m 5 19
90434 d 5 9 0 5
90542 m 6 19
90703 m 7 19
90726 r 1
90726 m 8 19
90929 d 8 8 0 1
90995 m 6 19
91118 r 1
91156 m 7 19
91177 m 8 19
91301 r 2
91499 d 8 10 0 2
91660 m 6 19
91741 r 1
92064 m 7 19
92125 r 2
92225 m 8 19
92370 r 3
92510 m 8 18
92532 r 0
92815 d 8 11 0 6
92977 r 1
93260 m 4 19
93641 d 4 10 0 3
93847 m 6 19
94110 d 6 11 0 2
94257 m 6 19
94401 r 1
94420 m 7 19
94440 m 8 19
94583 r 2
94808 d 8 13 0 1
94993 m 4 19
95139 r 1
95157 m 3 19
95481 m 2 19
95643 m 1 19
95663 m 0 19
95683 m -1 19
95827 m -1 18
96011 h
96111 m 4 19
96272 m 3 19
96292 m 2 19
96311 m 1 19
96433 m 2 19
96695 d 2 0 0 5
96902 m 4 19
97024 h
97064 m 4 19
97084 m 3 19
97104 m 2 19
97124 m 1 19
97247 r 1
97247 m 0 19
97266 m -1 19
97489 d -1 2 0 6
97596 m 4 19
97738 r 1
97756 m 3 19
97776 m 2 19
97796 m 1 19
98101 d 1 3 0 3
98274 m 4 19
98434 m 3 19
98455 m 2 19
98475 m 1 19
98844 r 1
99106 d 1 5 0 4
99616 m 4 19
99775 m 3 19
99795 m 2 19
99815 m 1 19
100117 m 1 18
100157 h
100239 m 4 19
100361 r 1
100399 m 3 19
100419 m 2 19
100440 m 1 19
100460 m 0 19
100807 d 0 7 0 7
100912 m 4 19
101033 r 1
101072 m 3 19
101092 m 2 19
101216 r 2
101296 r 3
101394 m 3 19
101739 d 3 7 0 1
101914 m 4 19
102055 r 1
102075 m 3 19
102095 m 2 19
102115 m 1 19
102135 m 0 19
102318 d 0 8 0 7
102448 m 4 19
102569 r 1
102609 m 3 19
102630 m 2 19
102772 m 1 19
103053 d 1 4 0 2
103264 m 4 19
103346 r 1
103565 m 3 19
103886 m 2 19
104065 m 2 18
104107 d 2 6 0 6
104465 m 4 19
104646 m 5 19
105109 m 5 18
105254 m 4 18
105878 m 5 18
106037 m 6 18
106057 m 7 18
106077 m 8 18
106097 m 9 18
106117 m 9 17
106319 d 9 9 0 5
106826 d 5 7 0 3
106974 m 4 19
107076 r 1
107135 m 3 19
107155 m 2 19
107175 m 1 19
107195 m 0 19
107356 d 0 7 0 4
107508 m 4 19
107749 h
107910 m 4 19
108194 m 5 19
108436 m 6 19
108599 m 7 19
108759 m 7 18
108800 d 7 8 0 6
108901 m 4 19
109024 r 1
109062 m 3 19
109184 r 2
109304 r 3
109527 d 3 6 0 4
109682 r 1
109760 m 4 19
109922 m 3 19
110063 m 2 19
110225 m 1 19
110449 d 1 6 0 1
110638 m 4 19
110702 r 1
110883 m 3 19
111045 m 2 19
111209 r 2
111428 m 3 19
111468 m 3 18
111631 d 3 6 0 7
111792 m 4 19
111933 r 1
111952 m 3 19
111972 m 2 19
111992 m 1 19
112012 m 0 19
112032 m -1 19
112232 d -1 4 0 3
112703 m 4 19
112885 m 3 19
112945 h
113047 m 4 19
113228 m 3 19
113391 m 2 19
113616 d 2 3 0 2
113785 r 1
113865 m 4 19
114106 d 4 3 0 5
114363 m 4 19
114506 r 1
114524 m 3 19
114545 m 2 19
114565 m 1 19
114586 m 0 19
114790 d 0 3 0 5
115019 m 6 19
115181 m 7 19
115582 m 6 19
115746 r 1
115746 m 5 19
115801 m 5 18
115902 m 4 18
116122 m 3 18
116263 m 2 18
116506 d 2 3 0 3
116807 d 5 2 0 4
116994 m 4 19
117055 r 1
117396 r 2
117538 r 3
117616 m 5 19
117817 m 6 19
117817 m 6 18
118102 d 6 4 0 6
118228 m 4 19
118513 d 4 4 0 7
118617 m 6 19
118780 r 1
118780 m 7 19
118799 m 8 19
118922 r 2
119204 d 8 3 0 1
119234 r 1
119603 m 6 19
119707 r 2
119906 m 7 19
119968 r 3
