2 3 6 4 5 7 1
900 m 4 19
1013 m 4 18
1063 m 3 18
1079 m 2 18
1096 m 1 18
1332 d 1 0 0 2
1614 m 4 19
1796 m 3 19
1979 m 2 19
2146 m 1 19
2313 d 1 1 0 5
2446 m 4 19
2612 m 3 19
2628 m 2 19
2645 m 1 19
2665 r 1
2665 m 0 19
2849 r 2 m 1 19
3062 d 1 3 0 1
4078 m 5 18
4295 m 6 18
4430 d 6 0 0 6
4645 m 4 19
4799 r 1
4799 m 3 19
4929 m 2 19
5195 d 2 2 0 7
5432 r 1
5495 m 4 19
5728 d 4 1 0 4
6112 d 5 2 0 3
6328 m 6 19
6494 m 7 19
6511 m 8 19
6585 r 1
6748 r 2
7128 m 8 18
7248 r 3
7395 m 9 18
7578 m 9 17
7744 m 9 16
7761 m 9 15
7777 m 9 14
7794 m 9 13
7811 m 9 12
7827 m 9 11
7844 m 9 10
7861 m 9 9
7877 m 9 8
7894 m 9 7
7911 m 9 6
7927 m 9 5
7945 m 9 4
7961 m 9 3
7977 m 9 2
7994 m 9 1
8148 r 0 m 8 0
9011 d 8 0 0 6
9311 m 6 19
9477 m 7 19
9694 d 7 2 0 5
10711 m 6 19
10711 m 6 18
11630 d 6 2 0 2
11810 m 4 19
11979 m 3 19
12211 m 3 18
12376 m 3 17
12393 m 3 16
12410 m 3 15
12426 m 3 14
12443 m 3 13
12460 m 3 12
12476 m 3 11
12493 m 3 10
12511 m 3 9
12526 m 3 8
12543 m 3 7
12560 m 3 6
12577 m 3 5
12593 m 3 4
12611 m 3 3
12626 m 3 2
12760 m 4 2
13627 d 4 2 0 3
13929 m 6 19
14080 r 1
14080 m 7 19
14093 m 8 19
14360 m 8 18
14510 m 8 17
14526 m 8 16
14542 m 8 15
14559 m 8 14
14576 m 8 13
14592 m 8 12
14610 m 8 11
14626 m 8 10
14643 m 8 9
14659 m 8 8
14676 m 8 7
14692 m 8 6
14710 m 8 5
14726 m 8 4
14742 m 8 3
14759 m 8 2
14776 m 8 1
14930 r 2
15792 d 8 1 2 1
16193 m 4 19
16710 m 5 19
16796 r 1
16796 m 5 18
16875 m 6 18
16892 m 7 18
16909 m 8 18
17159 m 7 18
17413 h 7
17561 m 6 19
17725 m 7 19
17742 m 8 19
17759 m 9 19
18060 d 9 0 0 4
18412 m 4 19
18516 r 1
18576 m 3 19
18594 m 2 19
18610 m 1 19
18626 m 0 19
19075 m 0 18
19626 d 0 1 0 6
20641 m 5 18
20758 h
20945 r 1
21024 m 4 19
21192 m 3 19
21458 d 3 2 0 7
21891 m 6 19
21976 r 1
22264 r 2
22375 m 7 19
22474 m 7 18
22541 m 8 18
22725 d 8 2 0 4
22958 m 6 19
23175 d 6 2 0 3
23545 r 1
23674 m 4 19
24190 m 4 18
24341 d 4 4 0 2
25224 h
25541 m 6 19
25977 r 1
26140 m 7 19
26240 m 7 18
26291 m 8 18
27256 m 8 17
27592 d 8 5 0 1
27891 m 4 19
28057 m 3 19
28274 d 3 4 0 5
28473 m 6 19
28623 m 7 19
28640 m 8 19
28662 r 1
28810 r 2
28944 r 3
29240 d 8 4 0 3
29390 m 4 19
29476 r 1
29555 m 3 19
29572 m 2 19
29590 m 1 19
29606 m 0 19
30255 m 0 18
30339 m 0 17
30491 m 0 16
30506 m 0 15
30523 m 0 14
30540 m 0 13
30556 m 0 12
30573 m 0 11
30592 m 0 10
30606 m 0 9
30623 m 0 8
30640 m 0 7
30657 m 0 6
30673 m 0 5
30692 m 0 4
30862 r 0 m 1 3
31060 r 3 m 2 1
31705 d 2 1 1 5
32073 h
32206 m 4 19
32360 r 1
32360 m 3 19
32372 m 2 19
32389 m 1 19
32405 m 0 19
33088 m 0 18
33155 m 0 17
33322 m 0 16
33338 m 0 15
33355 m 0 14
33371 m 0 13
33389 m 0 12
33405 m 0 11
33422 m 0 10
33438 m 0 9
33455 m 0 8
33471 m 0 7
33488 m 0 6
33505 m 0 5
33521 m 0 4
33538 m 0 3
33555 m 0 2
33709 r 2 m 1 1
34555 d 1 1 2 1
34872 m 6 19
35021 m 7 19
35288 d 7 0 0 6
35854 m 4 19
36075 r 1
36274 m 3 19
36291 m 3 18
36655 m 4 18
37055 d 4 3 0 2
37274 m 6 19
37440 m 7 19
37672 m 6 19
37838 d 6 2 0 7
38121 h
38274 m 6 19
38311 r 1
38490 m 7 19
38740 d 7 3 0 4
38904 m 6 19
39070 m 7 19
39087 m 8 19
39103 m 9 19
39237 m 8 19
39420 m 7 19
39622 m 6 19
39754 m 6 18
39823 d 6 4 0 7
40003 m 6 19
40140 r 1
40170 m 7 19
40186 m 8 19
40390 d 8 5 0 6
40539 r 1
40653 m 4 19
40920 d 4 6 0 3
41087 m 6 19
41177 r 1
41687 h
41807 r 1
41954 m 6 19
42104 m 7 19
42354 d 7 6 0 4
42620 m 6 19
42721 r 1
42790 r 2
42921 m 5 19
43373 r 3
43373 m 5 18
43753 m 4 18
43857 r 0
43919 m 3 18
43936 m 2 18
43953 m 1 18
44140 r 1
44386 m 1 17
44670 h
44787 m 4 19
44889 r 1
44952 m 3 19
44970 m 2 19
44986 m 1 19
45002 m 0 19
45240 r 2 m 1 19
45685 m 1 18
45756 r 3
46236 d 1 1 0 2
46419 m 4 19
46525 r 1
46686 m 3 19
46852 m 2 19
47070 d 2 1 0 1
47222 r 1
47421 m 6 19
47672 d 6 5 0 5
47819 m 6 19
47985 m 7 19
48006 r 1
48006 m 8 19
48273 r 2
48585 m 7 19
48685 m 7 18
48752 d 7 7 0 2
48968 h
49104 m 6 19
49270 m 7 19
49286 m 8 19
49305 r 1
49473 r 2
49939 r 3
49985 m 9 19
49985 m 9 18
50219 d 9 7 0 7
50402 m 6 19
50568 m 7 19
50584 m 8 19
50601 m 9 19
50818 d 9 9 0 5
51051 m 6 19
51351 h
51584 m 6 19
51688 r 1
51751 m 7 19
51767 m 8 19
52024 r 2
52367 m 8 18
52422 r 3
52422 m 9 18
52785 d 9 12 0 6
52938 r 1
53088 r 2
53201 m 6 19
53501 d 6 8 0 1
53803 m 6 19
54019 h
54334 m 6 19
54405 r 1
54650 m 5 19
54817 m 4 19
54833 m 3 19
55033 m 3 18
55151 m 2 18
55368 d 2 3 0 4
55504 r 1
55567 m 4 19
55734 m 3 19
55950 d 3 8 0 3
56083 m 6 19
56250 m 7 19
56466 m 6 19
56667 d 6 9 0 6
57183 d 5 10 0 7
57400 m 6 19
57566 h
57783 m 6 19
58036 d 6 11 0 4
58150 m 6 19
58303 r 1
58303 m 7 19
58472 r 2
58592 r 3
58700 m 8 19
58933 d 8 13 0 2
59500 m 6 19
59633 h
59853 r 1
59916 m 4 19
60083 m 3 19
60316 d 3 13 0 3
60633 m 6 19
60669 r 1
60866 m 7 19
61032 m 8 19
61183 d 8 15 0 1
61382 m 6 19
61534 m 7 19
61732 d 7 13 0 5
61885 r 1
61982 m 4 19
62265 m 5 19
62466 d 5 14 0 5
62649 m 6 19
62785 r 1
62952 r 2
63068 r 3
63249 m 7 19
63432 d 7 16 0 3
63598 m 6 19
63750 m 7 19
63766 m 8 19
63804 r 1
64049 d 8 17 0 2
64315 m 4 19
64515 h
64666 r 1
64765 m 4 19
64984 d 4 16 0 7
65131 m 4 19
65298 m 3 19
65314 m 2 19
65331 m 1 19
65815 d 1 2 0 6
65981 m 4 19
66147 m 3 19
66164 m 2 19
66180 m 1 19
66218 r 1
66218 m 0 19
66498 d 0 2 0 4
66631 m 4 19
66768 r 1
66797 m 3 19
66814 m 2 19
66831 m 1 19
66847 m 0 19
67134 r 2 m 2 19
67498 m 1 19
67513 m 1 18
67864 h
67914 m 4 19
68052 r 1
68080 m 3 19
68097 m 2 19
68252 r 2
68384 r 3
68481 m 3 19
68764 d 3 2 0 1
69014 m 4 19
69197 m 3 19
69380 m 2 19
69780 m 2 18
69864 m 1 18
70130 d 1 3 0 2
70280 m 4 19
70446 m 3 19
70463 m 2 19
70479 m 1 19
71013 d 1 2 0 3
71230 m 4 19
71530 m 3 19
71680 h
71813 m 4 19
71979 m 3 19
71996 m 2 19
72012 m 1 19
72230 d 1 3 0 1
72363 m 4 19
72499 r 1
72529 m 3 19
72546 m 2 19
73013 d 2 2 0 7
73246 m 4 19
73332 r 1
73412 m 3 19
73429 m 2 19
73445 m 1 19
73462 m 0 19
73913 d 0 1 0 6
74113 m 4 19
74216 r 1
74396 m 3 19
74612 m 2 19
74929 m 2 18
75046 d 2 1 0 5
75312 m 4 19
75512 h
75612 m 4 19
75749 r 1
75778 m 3 19
75795 m 2 19
75812 m 1 19
75829 m 0 19
76296 d 0 1 0 4
76512 m 4 19
76631 r 1
76678 m 3 19
76695 m 2 19
76849 r 2
77311 m 2 18
78312 m 2 17
78495 d 2 1 0 2
78745 m 4 19
78961 m 3 19
79245 m 4 19
79428 m 5 19
79511 m 5 18
79628 h
79817 r 1
79980 m 4 19
80229 d 4 5 0 5
80411 m 6 19
80464 r 1
80780 d 6 5 0 6
80911 m 6 19
81077 m 7 19
81094 m 8 19
81164 r 1
81298 r 2
81414 r 3
81494 m 9 19
81728 d 9 6 0 1
81877 m 6 19
81962 r 1
82229 h
82495 m 6 19
82680 m 7 19
82812 m 8 19
83011 d 8 7 0 7
83147 r 1
83213 m 4 19
83377 m 3 19
83578 d 3 8 0 3
83696 r 1
84010 d 5 7 0 4
84143 m 6 19
84230 r 1
84397 r 2
84545 m 7 19
84796 d 7 9 0 3
84910 m 6 19
85030 r 1
85076 m 7 19
85093 m 8 19
85313 d 8 10 0 5
85393 m 6 19
85483 r 1
85810 m 7 19
85897 r 2
86081 r 3
86326 m 7 18
86394 d 7 11 0 1
86812 m 6 19
86850 r 1
87093 m 5 19
87376 h
87613 r 1
87643 m 6 19
87809 m 7 19
87826 m 8 19
88027 d 8 11 0 2
88213 r 1
88380 r 2
88513 r 3
88744 d 5 10 0 4
88959 h
89029 r 1
89142 m 4 19
89361 m 3 19
89528 m 4 19
89743 d 4 12 0 6
90026 h
90110 m 6 19
90276 m 7 19
90292 m 8 19
90309 m 9 19
90527 d 9 13 0 7
90676 m 6 19
90842 m 7 19
90858 m 8 19
90875 m 9 19
91110 d 9 15 0 2
91245 r 1
91609 d 5 13 0 1
91779 r 1
92027 h
92512 r 1
92710 m 4 19
92959 m 3 19
93042 m 3 18
93275 m 2 18
93475 d 2 1 0 5
93679 r 1
93775 m 4 19
94109 h
94295 r 1
94492 m 4 19
94725 d 4 13 0 3
94908 h
94942 m 6 19
95078 r 1
95261 r 2
95412 r 3
95591 m 7 19
95791 d 7 13 0 6
96191 h
96428 r 1
96624 m 6 19
96795 r 2
97091 m 7 19
97207 m 7 18
97275 d 7 16 0 4
97427 r 1
97507 m 4 19
97810 d 4 15 0 7
97925 m 6 19
98111 r 1
98407 h
98541 m 6 19
98707 m 7 19
98728 r 1
98728 m 8 19
98894 r 2
99108 d 8 17 0 3
99507 d 5 16 0 6
99707 m 6 19
99893 h
100024 m 6 19
100144 r 1
100190 m 7 19
100461 r 2
100724 d 7 18 0 4
100890 m 4 19
101056 m 3 19
101073 m 2 19
101089 m 1 19
101390 d 1 0 0 7
101523 m 4 19
101643 r 1
101826 r 2
101956 m 3 19
102173 m 2 19
102405 m 2 18
102440 d 2 1 0 1
102589 m 4 19
102755 m 3 19
103072 h
103139 m 4 19
103305 m 3 19
103322 m 2 19
103339 m 1 19
103556 d 1 1 0 2
103739 m 4 19
103858 r 1
103905 m 3 19
103922 m 2 19
103939 m 1 19
103955 m 0 19
104422 d 0 1 0 5
104589 m 4 19
104772 m 3 19
104939 m 2 19
105139 m 3 19
105438 m 3 18
105489 d 3 0 0 7
105689 m 4 19
105791 r 1
105855 m 3 19
105871 m 2 19
105888 m 1 19
105905 m 0 19
106122 h
106205 m 4 19
106325 r 1
106371 m 3 19
106388 m 2 19
106405 m 1 19
106421 m 0 19
106641 d 0 1 0 3
106889 m 4 19
107155 m 3 19
107389 h
107489 m 4 19
107640 r 1
107640 m 3 19
107654 m 2 19
107671 m 1 19
107688 m 0 19
107845 r 2 m 1 19
107991 m 2 19
108272 d 2 1 0 6
108489 m 4 19
108904 m 3 19
109208 r 1
109288 m 3 18
109354 m 2 18
109624 d 2 1 0 4
109888 m 4 19
110188 m 3 19
110638 h
110788 m 4 19
110910 r 1
110954 m 3 19
110970 m 2 19
110988 m 1 19
111004 m 0 19
111289 d 0 1 0 1
111437 m 4 19
111574 r 1
111588 m 3 19
111603 m 2 19
112010 r 2
112174 r 3
112303 m 2 18
112338 m 3 18
112571 d 3 2 0 5
112839 m 4 19
113038 h
113371 m 4 19
113536 m 3 19
113553 m 2 19
113824 r 3
113987 m 1 19
114054 m 1 18
114354 m 2 18
114554 m 2 17
114720 m 2 16
114736 m 2 15
114753 m 2 14
114770 m 2 13
114786 m 2 12
114803 m 2 11
114819 m 2 10
114836 m 2 9
114853 m 2 8
114869 m 2 7
114886 m 2 6
114903 m 2 5
114920 m 2 4
114936 m 2 3
115108 r 2 m 1 2
115952 d 1 2 0 2
116269 m 4 19
116373 r 1
116436 m 3 19
116452 m 2 19
116469 m 1 19
116486 m 0 19
116736 d 0 1 0 5
116919 m 4 19
117119 m 3 19
117302 m 2 19
117552 m 3 19
117753 d 3 0 0 6
117986 m 4 19
118286 h
118352 m 4 19
118518 m 3 19
118535 m 2 19
118552 m 1 19
118736 d 1 1 0 4
118885 m 4 19
119005 r 1
119036 m 3 19
119052 m 2 19
119068 m 1 19
119085 m 0 19
119436 d 0 1 0 2
119569 m 4 19
119769 m 3 19
119935 m 2 19
