2 3 1 4 7 6 5
1017 m 5 18
1112 m 4 18
1156 r 1
1276 m 3 18
1296 m 2 18
1316 m 1 18
1336 m 0 18
1562 d 0 1 0 2
1721 m 4 19
2061 m 3 19
2204 d 3 0 0 4
2367 m 4 19
2508 r 1
2526 m 3 19
2547 m 2 19
2871 m 1 19
3051 d 1 2 0 3
3156 m 4 19
3315 m 3 19
3335 m 2 19
3356 m 1 19
3517 d 1 3 0 6
3838 m 4 19
3999 m 5 19
4281 m 6 19
4501 d 6 0 0 1
4742 m 4 19
4963 h 5
5142 r 1
5262 m 4 19
5501 m 5 19
5703 m 4 19
5883 m 3 19
5963 m 3 18
6085 d 3 2 0 7
6249 h
6350 m 4 19
6472 r 1
6654 m 3 19
6875 d 3 3 0 7
7040 r 1
7360 m 6 19
7521 d 6 2 0 2
7681 m 4 19
7882 h
7982 m 4 19
8143 m 3 19
8164 r 1
8165 m 2 19
8184 m 1 19
8203 m 0 19
8363 r 2 m 1 19
8526 d 1 5 0 4
8687 m 4 19
8830 r 1
8928 h
9028 m 4 19
9349 d 4 5 0 1
9473 m 4 19
9553 r 1
9734 m 3 19
9938 m 2 19
10179 h
10288 m 4 19
10447 m 3 19
10467 m 2 19
10487 m 1 19
10666 d 1 6 0 6
10848 r 1
10929 m 4 19
11091 m 3 19
11318 m 4 19
11521 d 4 3 0 3
11707 r 1
11888 r 2
12047 r 3
12530 m 5 18
13194 m 4 18
13375 r 0
13537 m 3 18
13537 m 3 17
13718 m 2 17
13998 d 2 7 0 5
14204 m 4 19
14346 r 1
14364 m 3 19
14566 r 2
14892 r 3
15010 m 3 18
15329 d 3 9 0 6
15552 r 1
15693 r 2
15893 r 3
16172 d 5 6 0 2
16503 m 4 19
16664 r 1
16664 m 3 19
16682 m 2 19
16903 h
17065 m 4 19
17148 r 1
17327 m 3 19
17508 m 2 19
17708 d 2 11 0 4
17867 m 4 19
17991 r 1
18651 m 5 19
18711 m 5 18
18773 r 2
18811 m 6 18
18831 m 7 18
18851 m 8 18
19237 d 8 3 0 1
19639 r 1
19781 r 2
19943 r 3
20183 d 5 8 0 5
20316 m 4 19
20475 m 3 19
20496 m 2 19
20516 m 1 19
20697 d 1 7 0 7
20860 r 1
20939 m 4 19
21141 m 3 19
21321 d 3 10 0 3
21461 m 4 19
21622 r 1
21622 m 3 19
21640 m 2 19
21660 m 1 19
21680 m 0 19
21845 r 2 m 1 19
21963 r 3
22126 d 1 10 0 7
22325 m 4 18
22486 r 1
22487 m 3 18
22686 r 2
23004 d 3 12 0 4
23326 m 6 17
23387 r 1
23486 m 7 17
23506 m 8 17
23848 d 8 3 0 2
24050 m 6 17
24210 h
24409 m 6 17
24567 m 7 17
24587 m 8 17
24628 r 1
24907 m 7 17
25166 m 6 17
25226 m 6 16
25366 d 6 3 0 3
25567 m 6 13
25728 m 7 13
25768 r 1
25768 m 8 13
26069 d 8 5 0 5
26299 m 6 11
26431 r 1
26451 m 7 11
26714 h
26794 m 6 10
26977 m 7 10
27159 d 7 3 0 1
26318 h
27503 m 6 19
27663 m 7 19
27686 r 1
27686 m 8 19
27888 r 2
28008 r 3
28189 m 8 18
28230 d 8 4 0 6
28432 m 6 9
28571 r 1
28934 m 7 9
29175 m 6 9
29236 m 6 8
29338 d 6 4 0 5
29369 m 6 20
29389 m 7 20
29409 m 8 20
29950 r 1
30290 d 8 4 0 6
30648 m 6 9
30728 r 1
30889 r 2
31029 r 3
31110 m 7 9
31293 d 7 4 0 7
31634 m 6 9
31856 h
32096 m 6 9
32280 m 7 9
32500 d 7 5 0 2
32641 m 6 9
32783 r 1
32802 m 7 9
32822 m 8 9
33022 d 8 5 0 4
33423 m 4 9
33523 r 1
33763 m 3 9
33923 m 2 9
33943 m 1 9
33964 m 0 9
34024 m 0 8
34165 d 0 5 0 3
34449 r 1
34628 r 2
34768 m 4 9
34991 d 4 6 0 1
35111 m 6 9
35193 r 1
35534 m 7 9
35755 d 7 6 0 7
35997 m 4 9
36138 r 1
36156 m 3 9
36176 m 2 9
36196 m 1 9
36665 r 2
36764 m 1 8
36925 d 1 6 0 5
37263 m 6 8
37506 d 6 6 0 6
37987 r 1 m 4 8
38107 m 3 8
38329 h
38487 m 4 8
38728 d 4 6 0 2
38888 m 6 8
39008 r 1
39046 m 7 8
39066 m 8 8
39285 d 8 7 0 3
39465 m 4 8
39627 m 3 8
39647 m 2 8
39667 m 1 8
39727 h
39886 m 4 8
40007 r 1
40045 m 3 8
40065 m 2 8
40085 m 1 8
40105 m 0 8
40326 r 2 m 1 8
40584 d 1 6 0 4
41510 h
41850 m 4 8
42009 m 3 8
42029 m 2 8
42049 m 1 8
42249 d 1 6 0 1
42473 m 6 8
42596 r 1
42636 m 7 8
42657 m 8 8
42878 r 2
43039 r 3
43158 m 9 8
43257 m 9 7
43379 d 9 7 0 1
43578 r 1 m 6 8
43698 m 5 8
43918 m 4 8
44159 d 4 5 0 2
44884 m 4 6
45106 h
45368 m 4 6
45527 m 3 6
45675 r 1
45814 m 4 6
46096 d 4 6 0 3
46136 m 4 20
46156 m 3 20
46176 m 2 20
46196 m 1 20
46419 r 1
46662 m 2 20
46925 d 2 6 0 6
47224 m 4 17
47386 m 3 17
47408 m 2 17
47427 m 1 17
47650 d 1 7 0 5
47964 r 1
48127 m 6 17
48369 d 6 5 0 7
48668 m 6 17
49370 m 6 16
49671 r 1
49832 m 5 16
49932 m 6 16
50272 m 7 16
50372 m 7 15
50512 d 7 5 0 4
50716 r 1
50835 m 6 13
51136 d 6 6 0 2
51282 m 6 13
51449 r 1
51449 m 7 13
51468 m 8 13
51631 m 7 13
51792 m 6 13
51812 m 5 13
51832 m 4 13
51852 m 3 13
51872 m 2 13
51891 m 1 13
51911 m 0 13
52031 h
52170 m 4 13
52311 r 1
52330 m 3 13
52350 m 2 13
52628 m 3 13
52848 d 3 5 0 4
53009 h
53069 m 4 13
53189 r 1
53229 m 3 13
53249 m 2 13
53410 r 2
53674 m 3 13
53893 d 3 6 0 5
54134 m 4 13
54154 h
54294 m 4 13
54314 m 3 13
54335 m 2 13
54355 m 1 13
54556 d 1 6 0 1
54677 m 4 13
54776 r 1
55100 d 4 7 0 6
55239 m 6 13
55398 m 7 13
55418 m 8 13
55460 r 1
55619 r 2
55742 r 3
55923 m 9 13
56102 m 9 12
56223 d 9 6 0 3
56343 m 6 13
56504 m 7 13
56684 m 8 13
56904 d 8 6 0 7
57030 m 6 13
57173 r 1
57434 h
57494 r 1
57693 m 6 13
57981 d 6 6 0 7
58263 r 1
58363 m 4 13
58522 m 3 13
58683 d 3 5 0 1
58884 h
59024 m 4 13
59145 r 1
59184 m 3 13
59204 m 2 13
59224 m 1 13
59387 r 2
59546 r 3
59727 m 2 13
59887 m 2 12
59968 d 2 5 0 6
60312 r 1
60411 m 4 13
60692 d 4 5 0 3
60938 m 4 13
61446 r 1
61705 m 4 12
61926 r 2
62084 m 3 12
62265 m 2 12
62484 d 2 6 0 4
62652 h
62732 m 4 13
62877 r 1
62895 m 3 13
62915 m 2 13
62935 m 1 13
62956 m 0 13
62976 m -1 13
63136 d -1 5 0 2
63301 m 6 13
63665 m 7 13
63868 m 8 13
64111 d 8 5 0 5
64307 r 1
64467 m 6 12
64646 d 6 6 0 1
64827 m 6 11
65006 m 7 11
65187 d 7 6 0 5
65490 m 6 9
65590 h
65690 m 4 9
65850 m 3 9
65870 m 2 9
65890 m 1 9
66052 d 1 6 0 7
66396 m 4 20
66536 m 3 20
66956 d 3 6 0 2
67217 m 6 12
67317 r 1
67377 m 7 12
67758 d 7 8 0 3
68239 m 4 8
68341 r 1
68583 h
68764 r 1
69043 m 4 8
69246 d 4 6 0 6
69588 m 6 20
69710 r 1
69747 m 7 20
69768 m 8 20
69969 d 8 7 0 4
70190 r 1
70431 d 5 6 0 3
70592 m 4 16
70754 r 1
70754 m 3 16
70773 m 2 16
70793 m 1 16
70813 m 0 16
70833 m -1 16
71033 h
71155 m 4 16
71276 r 1
71314 m 3 16
71334 m 2 16
71354 m 1 16
71514 r 2
71674 m 2 16
71895 d 2 5 0 7
72104 m 4 16
72205 r 1
72405 r 2
72724 d 4 5 0 2
72871 m 4 16
73014 r 1
73032 m 3 16
73052 m 2 16
73072 m 1 16
73092 m 0 16
73234 r 2 m 1 16
73395 d 1 5 0 6
73574 m 6 16
73736 m 7 16
73756 m 8 16
73776 m 9 16
73981 d 9 4 0 4
74101 r 1
74280 m 6 16
74443 d 6 3 0 5
74762 m 4 16
74943 m 5 16
75084 d 5 2 0 1
75383 h
75387 m 4 16
75542 m 3 16
75561 m 2 16
75581 m 1 16
75782 d 1 2 0 6
75962 m 6 16
76123 m 7 16
76143 h
76144 m 6 16
76162 m 7 16
76182 m 8 16
76202 m 9 16
76424 d 9 0 0 5
76584 m 4 16
76743 m 3 16
76763 m 2 16
76783 m 1 16
77045 d 1 0 0 4
77266 m 6 17
77428 m 7 17
77448 m 8 17
77489 r 1
77790 r 2
77954 r 3
78055 m 8 16
78078 r 0
78258 d 8 0 0 1
78642 m 4 17
78803 d 4 0 0 2
79026 r 1
79206 h
79326 r 1
79508 r 2
79625 m 6 17
79888 d 6 1 0 7
80108 r 1
80267 m 4 18
80447 m 3 18
80625 d 3 1 0 3
80785 m 4 18
80926 r 1
80945 m 3 18
80965 m 2 18
80985 m 1 18
81004 m 0 18
81327 r 2 m 1 18
81508 r 3
81627 m 1 17
81727 d 1 1 0 4
81928 m 6 18
82091 m 7 18
82113 r 1
82113 m 8 18
82397 d 8 2 0 3
82581 m 6 18
82701 r 1
82701 h
82740 m 6 18
82760 m 7 18
83101 r 1
83443 d 7 2 0 1
83664 m 4 17
83787 r 1
83825 m 3 17
83846 m 2 17
84146 d 2 1 0 2
84428 m 6 18
84692 d 6 1 0 6
84874 m 4 18
85017 r 1
85035 m 3 18
85056 m 2 18
85076 m 1 18
85097 m 0 18
85457 m 1 18
85700 m 1 17
85740 m 0 17
85984 d 0 2 0 5
86324 m 6 18
86507 d 6 1 0 7
86607 r 1
86709 m 4 18
86869 m 3 18
87033 d 3 2 0 3
87261 h
87341 m 4 18
87442 r 1
87501 m 3 18
87521 m 2 18
87541 m 1 18
87843 d 1 2 0 2
88043 m 6 17
88243 m 7 17
88423 d 7 1 0 4
88665 m 6 17
88824 r 1
88824 m 7 17
88843 m 8 17
88984 r 2
89303 r 3
89443 m 8 16
89704 m 7 16
89824 r 0
89864 m 6 16
89884 m 5 16
90065 r 1
90284 m 4 16
90445 m 4 15
90486 d 4 3 0 5
90674 m 6 14
90775 r 1
90976 r 2
91095 m 7 14
91376 d 7 3 0 1
91518 m 6 12
91637 r 1
91676 m 7 12
91696 m 8 12
91878 d 8 3 0 6
91946 m 4 12
92106 m 3 12
92128 r 1
92128 m 2 12
92146 m 1 12
92166 m 0 12
92366 r 2 m 1 12
92507 m 2 12
92767 d 2 2 0 7
93047 m 6 9
93207 m 7 9
93367 m 8 9
93547 d 8 3 0 6
93924 h
94384 m 4 9
94544 m 3 9
94742 d 3 3 0 2
94882 m 6 9
94984 r 1
95043 m 7 9
95063 m 8 9
95345 d 8 5 0 5
95549 r 1
95766 m 4 9
95927 d 4 4 0 4
96133 h
96696 r 1
96857 r 2
97055 r 3
97134 m 5 7
97154 m 6 7
97474 d 6 5 0 1
97753 r 1
97872 m 6 8
98095 m 7 8
98278 d 7 6 0 3
98486 r 1
98648 r 2
98808 r 3
98927 m 4 8
99131 d 4 5 0 7
99262 m 4 8
99405 r 1
99423 m 3 8
99444 m 2 8
99463 m 1 8
99483 m 0 8
99624 d 0 2 0 5
99791 m 4 8
99915 r 1
99953 m 3 8
99974 m 2 8
99995 m 1 8
100015 m 0 8
100297 d 0 3 0 6
100396 m 4 8
100557 m 3 8
100577 m 2 8
100617 h
100717 m 4 8
100897 m 3 8
100978 r 1
101137 m 2 8
101296 d 2 3 0 4
101456 h
101476 m 4 8
101598 r 1
101637 m 3 8
101657 m 2 8
101678 m 1 8
101697 m 0 8
101997 d 0 4 0 3
102178 h
102598 r 1
102739 m 4 8
102918 m 3 8
103099 d 3 4 0 1
103331 m 6 6
103490 d 6 3 0 2
104441 d 5 5 0 7
104681 m 6 7
104823 r 1
104841 m 7 7
104861 m 8 7
105082 d 8 4 0 7
105260 m 6 6
105342 r 1
105423 m 7 6
105530 r 2
105669 r 3
105748 m 8 6
106009 d 8 4 0 6
106683 r 1
106803 m 6 20
107064 m 6 19
107085 d 6 5 0 4
107306 m 4 18
107486 d 4 5 0 3
107706 m 6 18
107769 r 1
108010 m 5 18
108189 d 5 7 0 1
108330 m 6 18
108453 r 1
108491 m 7 18
108773 d 7 7 0 5
108996 r 1
109115 h
109218 r 1
109344 m 4 18
109608 d 4 8 0 2
110073 m 6 18
110296 r 1
110497 r 2
110614 m 6 17
110657 r 3
110879 d 6 10 0 7
111120 m 4 18
111202 r 1
111563 m 3 18
111803 d 3 8 0 5
112125 m 4 18
112330 d 4 10 0 4
112653 m 4 18
112814 m 3 18
112834 m 2 18
112854 m 1 18
113035 m 2 18
113235 d 2 4 0 6
113496 m 4 18
113598 r 1
113656 m 3 18
113676 m 2 18
113696 m 1 18
113716 m 0 18
113896 d 0 6 0 1
