5 6 1 3 4 7 2
625 m 4 19
731 r 1
776 m 3 19
793 m 2 19
810 m 1 19
826 m 0 19
843 m -1 19
1011 m -1 18
1062 d -1 2 0 5
1244 m 4 19
1427 m 3 19
1560 m 2 19
1711 d 2 0 0 3
2362 h 2
2527 m 4 19
2693 m 3 19
2960 d 3 1 0 4
3260 m 6 19
3460 d 6 0 0 6
3613 r 1
3693 m 4 19
3911 d 4 1 0 7
4093 m 4 19
4246 r 1
4246 m 3 19
4259 m 2 19
4276 m 1 19
4430 r 2
4726 m 2 19
4910 d 2 3 0 1
5244 h
5460 m 6 19
5692 m 5 19
5876 d 5 2 0 5
6076 m 6 19
6242 m 7 19
6259 m 8 19
6275 m 9 19
6493 d 9 0 0 1
6626 m 6 19
6797 r 1
6797 m 7 19
6808 m 8 19
6979 r 2
7160 d 8 1 0 7
7410 h
7509 m 6 19
7675 m 7 19
7826 d 7 0 0 4
8125 m 4 19
8291 m 3 19
8308 m 2 19
8325 m 1 19
8775 d 1 0 0 6
9079 r 1
9192 m 4 19
9375 m 3 19
9691 m 4 19
9791 m 4 18
9875 d 4 1 0 2
10375 d 5 2 0 3
10675 m 6 18
10841 h
10991 m 6 18
11157 m 7 18
11174 m 8 18
11258 m 8 17
11424 m 8 16
11441 m 8 15
11457 m 8 14
11474 m 8 13
11491 m 8 12
11507 m 8 11
11524 m 8 10
11541 m 8 9
11557 m 8 8
11574 m 8 7
11591 m 8 6
11607 m 8 5
11624 m 8 4
11641 m 8 3
11674 m 8 2
11691 m 8 1
11707 m 8 0
11791 m 7 0
11957 m 6 0
12724 d 6 0 0 6
13107 m 4 18
13262 r 1
13262 m 3 18
13274 m 2 18
13508 h
13678 r 1
13724 m 4 18
13924 m 3 18
14074 m 2 18
14274 d 2 2 0 1
14524 m 4 18
14774 m 5 18
14927 r 1
14927 m 6 18
14940 m 7 18
14957 m 8 18
15160 r 2
15260 r 3
15290 m 8 17
15307 m 9 17
15574 m 9 16
15740 m 9 15
15756 m 9 14
15773 m 9 13
15790 m 9 12
15806 m 9 11
15856 m 9 10
15873 m 9 9
15891 m 9 8
15906 m 9 7
15923 m 9 6
15940 m 9 5
15956 m 9 4
15973 m 9 3
15990 m 9 2
16006 m 9 1
16143 r 0 m 8 0
17023 d 8 0 1 4
17523 h
17673 m 6 16
17840 m 7 16
18107 d 7 1 0 5
18340 m 4 16
18460 r 1
18490 m 3 16
18506 m 2 16
18522 m 1 16
18540 m 0 16
18659 r 2 m 1 16
18827 r 3
18940 m 2 16
19122 m 2 15
19590 d 2 1 0 7
19790 m 6 16
19955 m 7 16
19972 m 8 16
19993 r 1
20159 r 2
20276 r 3
20323 m 9 16
20540 d 9 1 0 3
20706 m 4 16
20872 m 3 16
20889 m 2 16
20905 m 1 16
21090 d 1 0 0 2
21456 m 4 16
21690 d 4 0 0 6
22006 m 6 17
22705 d 6 0 0 1
22872 m 6 17
23042 r 1
23042 m 7 17
23389 d 7 1 0 5
23572 m 4 18
23692 r 1
24072 m 3 18
24404 m 3 17
24655 d 3 3 0 4
24905 m 6 18
24974 r 1
25255 h
25438 m 6 18
25721 d 6 2 0 3
26538 h
26708 r 1
26971 d 5 4 0 2
27121 m 6 18
27287 m 7 18
27304 m 8 18
27324 r 1
27574 r 2
27941 r 3
27987 m 8 17
28087 m 9 17
28321 d 9 1 0 7
28471 m 6 18
28637 m 7 18
28653 m 8 18
28691 r 1
28837 h
28954 m 6 18
29120 m 7 18
29137 m 8 18
29153 m 9 18
29371 d 9 3 0 3
29690 r 1
29837 m 6 18
30020 m 7 18
30220 d 7 5 0 7
30454 m 6 18
30541 r 1
30620 m 7 18
30637 m 8 18
30820 d 8 7 0 2
31023 r 1
31387 d 5 6 0 5
31936 m 4 18
32103 m 3 18
32119 m 2 18
32136 m 1 18
32403 m 1 17
32853 h
32970 m 4 18
33136 m 3 18
33152 m 2 18
33170 m 1 18
33353 d 1 0 0 1
33603 m 4 12
33770 m 3 12
33786 m 2 12
33802 m 1 12
33839 r 1
33839 m 0 12
34120 m 1 12
34303 d 1 1 0 6
34702 m 4 12
34986 h
35070 m 4 12
35270 m 3 12
35536 d 3 0 0 4
35670 m 4 12
36135 m 3 12
36302 m 2 12
36335 m 1 12
36552 m 1 11
36570 m 2 11
36770 m 3 11
37003 d 3 2 0 5
37152 m 4 6
37419 m 5 6
37585 m 6 6
37601 m 7 6
37638 r 1
38018 m 7 5
38038 r 2
38369 d 7 5 0 4
38535 m 4 6
38671 r 1 m 3 6
38701 m 2 6
38718 m 1 6
38735 m 0 6
39102 h
39169 m 4 6
39335 m 3 6
39356 r 1
39356 m 2 6
39368 m 1 6
39385 m 0 6
39521 r 2 m 1 6
39672 r 3
39888 r 0
40072 r 1
40118 m 1 5
40418 m 2 5
40538 r 2
40721 r 3
40884 m 3 5
41068 m 4 5
41134 m 4 4
41335 d 4 4 0 6
41451 m 4 6
41621 r 1 m 5 8
41621 m 4 8
41634 m 3 8
41650 m 2 8
41667 m 1 8
41684 m 0 8
41701 m -1 8
41918 d -1 2 0 2
42068 m 4 6
42234 m 3 6
42251 h
42259 m 4 6
42267 m 3 6
42284 m 2 6
42300 m 1 6
42421 r 1
42421 m 0 6
42604 r 2 m 1 6
42921 r 3
43118 d 1 1 0 7
43284 m 4 6
43420 r 1
43450 m 3 6
43467 m 2 6
43620 r 2
43834 m 1 6
44034 d 1 1 0 3
44253 r 1
44334 m 4 6
44517 m 3 6
44667 m 2 6
44901 d 2 1 0 1
45133 m 6 6
45300 m 7 6
45600 m 6 6
45900 d 6 0 0 2
46170 r 1
46234 m 4 7
46400 m 3 7
46634 d 3 1 0 3
46833 m 4 8
47003 r 1
47003 m 3 8
47016 m 2 8
47033 m 1 8
47050 m 0 8
47219 r 2 m 1 8
47386 r 3
47633 d 1 1 0 4
47916 m 6 8
48133 m 7 8
48299 m 8 8
48466 d 8 0 0 6
48636 r 1
48950 h
49133 m 6 8
49383 m 5 8
49566 d 5 0 0 5
49716 m 6 8
49950 h
50066 m 6 8
50216 m 7 8
50450 d 7 1 0 1
50599 m 6 8
50749 m 7 8
50765 m 8 8
50950 d 8 2 0 7
51149 m 4 8
51252 r 1
51550 m 3 8
51685 r 2
51715 m 2 8
51965 m 2 7
52115 m 3 7
52432 d 3 2 0 3
52699 m 6 8
52882 d 6 2 0 6
52998 m 6 8
53135 r 1
53164 m 7 8
53181 m 8 8
53365 d 8 4 0 4
53482 m 4 8
53602 r 1
53648 m 3 8
53664 m 2 8
53681 m 1 8
53698 m 0 8
53865 d 0 1 0 5
54165 m 4 8
54415 h
54531 m 4 8
54698 m 3 8
54898 m 4 8
55065 d 4 0 0 2
55281 m 4 10
55384 r 1
55447 m 3 10
55464 m 2 10
55481 m 1 10
55497 m 0 10
55698 h
55765 m 4 10
55884 r 1
55930 m 3 10
55947 m 2 10
55964 m 1 10
55980 m 0 10
55998 m -1 10
56198 d -1 2 0 1
56481 m 4 10
56714 m 5 10
56998 m 6 10
57164 d 6 1 0 7
57298 m 4 10
57463 m 3 10
57564 m 2 10
57831 d 2 0 0 6
58047 m 6 10
58380 h
58500 r 1
58647 m 6 10
59014 m 7 10
59247 d 7 1 0 2
59547 m 6 11
59914 m 5 11
60131 d 5 0 0 4
60380 m 6 12
60518 r 1
60546 m 7 12
60563 m 8 12
60797 d 8 2 0 7
60996 m 4 12
61163 m 3 12
61346 m 2 12
61547 d 2 0 0 1
61732 r 1
61813 m 4 12
62080 d 4 1 0 3
62413 m 4 12
62499 r 1
62946 m 3 12
63096 m 3 11
63146 h
63230 m 4 12
63349 r 1
63396 m 3 12
63549 r 2
63684 r 3
63846 m 2 12
64113 d 2 1 0 5
64346 m 6 12
64432 r 1
64599 r 2
64715 r 3
64812 m 7 12
65080 d 7 1 0 5
65297 m 6 13
65529 m 5 13
65632 r 1
65962 m 4 13
66082 r 2
66083 m 4 12
66129 m 3 12
66282 r 3
66595 d 3 1 0 1
66782 r 1
67145 d 5 2 0 7
67262 m 6 13
67366 r 1
67429 m 7 13
67444 m 8 13
67645 d 8 2 0 2
67995 m 6 13
68162 d 6 3 0 3
68311 m 4 13
68478 m 3 13
68494 m 2 13
68511 m 1 13
68712 d 1 0 0 6
68878 m 4 13
68932 r 1
69111 m 3 13
69361 d 3 2 0 4
69578 m 4 13
69945 m 3 13
70195 m 2 13
70298 r 1
70361 m 1 13
70377 m 0 13
70377 m 0 12
70394 m -1 12
70561 d -1 2 0 4
70678 m 4 12
70798 r 1
70844 m 3 12
71078 m 2 12
71244 m 1 12
71429 d 1 1 0 5
71594 m 6 12
71760 m 7 12
71777 m 8 12
71830 r 1
71964 r 2
72081 r 3
72161 m 9 12
72378 d 9 1 0 3
72577 m 4 11
72764 r 1
72931 r 2
72998 r 3
73311 m 3 11
73393 m 3 10
73810 d 3 1 0 7
73960 m 6 9
74427 m 7 9
74627 h
74777 m 6 9
74847 r 1
75030 r 2
75226 m 7 9
75477 d 7 1 0 1
75643 m 4 4
75730 r 1
75809 m 3 4
75826 m 2 4
75843 m 1 4
76210 d 1 1 0 6
76643 h
77144 d 5 0 0 2
77810 m 6 20
77912 r 1
78059 m 5 20
78209 m 5 19
78310 d 5 1 0 4
78729 r 1
79242 m 6 15
79325 m 6 14
79459 m 7 14
79675 m 6 14
79725 h
79841 m 4 15
79858 m 3 15
79875 m 2 15
79891 m 1 15
80095 r 1
80309 m 2 15
80559 d 2 1 0 7
80792 m 4 8
81109 m 5 8
81275 m 6 8
81291 m 7 8
81309 m 8 8
81325 m 9 8
81558 m 8 8
81574 m 8 7
81759 d 8 0 0 3
81992 m 6 9
82142 h
82275 m 6 9
82361 r 1
82441 m 7 9
82458 m 8 9
82692 d 8 2 0 2
82841 m 4 9
82944 r 1
83008 m 3 9
83024 m 2 9
83041 m 1 9
83058 m 0 9
83192 d 0 1 0 1
83391 m 4 9
83545 r 1
83925 d 4 1 0 6
84108 m 6 9
84308 m 7 9
84541 d 7 0 0 5
84724 m 4 10
84828 r 1
84891 m 3 10
85074 m 2 10
85308 d 2 1 0 1
85441 m 4 10
85544 r 1
85624 m 3 10
85640 m 2 10
85657 m 1 10
85673 m 0 10
85824 d 0 1 0 2
86007 m 6 10
86174 m 7 10
86358 d 7 0 0 4
86540 m 6 10
86644 r 1
86707 m 7 10
86723 m 8 10
86974 d 8 1 0 3
87174 m 4 11
87293 r 1
87373 m 3 11
87640 m 2 11
87807 m 1 11
87990 m 1 10
88024 d 1 1 0 5
88457 h
88607 m 4 12
88874 d 4 0 0 7
89273 m 6 13
89606 h
89906 m 6 13
90140 d 6 0 0 6
90540 m 6 14
90673 m 5 14
90940 m 4 14
91060 r 1
91106 m 3 14
91122 m 2 14
91139 m 1 14
91156 m 0 14
91156 m 0 13
91356 d 0 1 0 6
91673 m 6 15
91839 m 7 15
91855 m 8 15
91893 r 1
92043 r 2
92143 r 3
92222 m 9 15
92372 m 9 14
92439 d 9 1 0 3
92839 m 4 16
93022 h
93172 m 4 16
93242 r 1
93522 m 3 16
93689 m 2 16
93856 d 2 2 0 1
94190 m 6 16
94390 m 7 16
94722 d 7 0 0 5
94992 r 1
95055 m 4 17
95272 m 3 17
95522 d 3 2 0 4
95955 m 4 17
96075 r 1
96293 r 2
96425 r 3
96538 m 4 16
96555 m 3 16
96738 m 2 16
96938 d 2 1 0 7
97255 m 6 18
97309 r 1
97672 m 5 18
97872 d 5 1 0 2
98189 m 6 19
98325 r 1
98354 m 7 19
98371 m 8 19
98654 m 7 19
98820 m 6 19
98837 m 5 19
98854 m 4 19
98870 m 3 19
98888 m 2 19
98888 m 2 18
98904 m 1 18
98920 m 0 18
99088 d 0 1 0 3
99488 m 6 19
100054 h
100437 m 4 19
100557 r 1
100737 m 3 19
100937 m 2 19
101070 m 2 18
101204 d 2 2 0 4
101604 m 4 19
101771 d 4 2 0 5
102024 r 1
102138 m 4 19
102438 81 d 0 1 0 6
102129 m 4 19
102232 r 1
102379 m 3 19
102663 d 3 1 0 3
102812 m 4 19
102963 m 3 19
102980 m 2 19
102996 m 1 19
103215 d 1 1 0 4
103380 m 4 19
103516 r 1
103545 m 3 19
103563 m 2 19
103579 m 1 19
103596 m 0 19
103701 r 2 m 1 19
103815 r 3
103969 r 0
104228 m 1 18
104281 r 1
104450 r 2
104566 r 3
104746 d 1 1 0 1
105247 m 6 19
105496 h
105662 m 6 19
106047 m 7 19
106149 r 1
106211 m 8 19
106446 d 8 6 0 5
107096 d 5 0 0 7
107829 m 4 18
108029 m 3 18
108111 m 3 17
108229 d 3 1 0 2
109245 m 5 15
110095 m 5 14
110261 m 5 13
110277 m 5 12
110294 m 5 11
110310 m 5 10
110327 m 5 9
110344 m 5 8
110361 m 5 7
110377 m 5 6
110394 m 5 5
110427 m 5 4
110444 m 5 3
110461 m 5 2
110544 m 6 2
110695 m 7 2
110963 r 1 m 6 2
111477 d 6 2 0 5
112228 d 5 2 0 6
112394 m 4 8
112560 m 3 8
112577 m 2 8
112594 m 1 8
112961 d 1 2 0 3
113429 r 1 m 4 5
113544 m 3 5
113695 m 2 5
113977 d 2 5 0 1
114993 d 5 4 0 2
115993 d 5 5 0 4
116443 m 4 20
116545 r 1
116593 m 3 20
116609 m 2 20
116626 m 1 20
116642 m 0 20
116876 m 1 20
11501 m 8 18
111718 d 8 4 0 7
112051 m 6 16
112134 h
112285 m 6 16
112371 r 1
112618 m 7 16
112818 d 7 4 0 4
112935 m 6 14
113071 r 1
113101 m 7 14
113117 m 8 14
113302 d 8 5 0 2
113484 m 4 14
113605 r 1
113650 m 3 14
113701 m 2 14
113717 m 1 14
113734 m 0 14
114284 h
114401 m 4 14
114520 r 1
114568 m 3 14
114584 m 2 14
114600 m 1 14
114617 m 0 14
114801 d 0 1 0 3
114984 m 4 11
115334 h
115368 m 4 11
115471 r 1
115533 m 3 11
115550 m 2 11
115568 m 1 11
115583 m 0 11
115868 m 1 11
116018 d 1 1 0 4
116251 m 4 10
116417 m 3 10
116433 m 2 10
116533 h
116583 m 4 10
116704 r 1
116750 m 3 10
116766 m 2 10
116783 m 1 10
116800 m 0 10
117071 r 2 m 1 10
117271 r 3
117550 d 1 1 0 2
117767 m 4 7
117900 h
118018 m 4 7
118120 r 1
118183 m 3 7
118200 m 2 7
118216 m 1 7
118234 m 0 7
118249 m -1 7
118467 m 0 7
118650 m 1 7
118834 d 1 2 0 3
