7 2 5 6 1 4 3
963 r 1
1009 m 5 18
1259 m 4 18
1497 d 4 1 0 6
1693 m 4 19
1858 m 3 19
1875 m 2 19
2159 m 3 19
2309 m 2 19
2510 d 2 0 0 4
2625 m 4 19
2744 r 1
2791 m 3 19
2808 m 2 19
2825 m 1 19
2841 m 0 19
2858 m -1 19
3009 d -1 2 0 1
3175 m 4 19
3411 h 2
3809 d 5 2 0 3
4008 m 6 19
4108 m 6 18
4174 m 7 18
4274 m 7 17
4291 m 7 16
4308 m 7 15
4324 m 7 14
4341 m 7 13
4358 m 7 12
4374 m 7 11
4391 m 7 10
4407 m 7 9
4425 m 7 8
4425 m 8 8
4441 m 8 7
4457 m 8 6
4474 m 8 5
4491 m 8 4
4507 m 8 3
4524 m 8 2
4541 m 8 1
4557 m 8 0
4742 m 7 0
4907 m 6 0
5574 d 6 0 0 7
6024 m 4 19
6189 m 3 19
6206 m 2 19
6223 m 1 19
6525 m 2 19
6590 m 2 18
6691 d 2 1 0 5
6825 m 4 19
6976 r 1
6976 m 3 19
6990 m 2 19
7007 m 1 19
7143 r 2
7324 m 2 19
7575 d 2 3 0 5
7724 m 6 19
7876 r 1
7876 m 7 19
7889 m 8 19
8090 m 8 18
8256 m 8 17
8273 m 8 16
8289 m 8 15
8306 m 8 14
8323 m 8 13
8339 m 8 12
8356 m 8 11
8373 m 8 10
8390 m 8 9
8406 m 8 8
8423 m 8 7
8439 m 8 6
8456 m 8 5
8473 m 8 4
8489 m 8 3
8506 m 8 2
8524 m 8 1
8643 r 2
9539 d 8 1 0 1
9906 m 6 19
10057 m 7 19
10257 d 7 1 0 6
10390 m 6 19
10559 r 1
10559 m 7 19
10572 m 8 19
10708 r 2
10808 r 3
10840 m 9 19
11157 d 9 1 0 3
11706 m 4 19
11889 m 3 19
12039 m 2 19
12171 m 2 18
12406 h
12722 m 6 19
12874 r 1
12875 m 7 19
12888 m 8 19
13041 r 2
13141 r 3
13189 m 9 19
13421 m 9 18
13489 d 9 1 0 4
14122 h
14455 m 6 19
14655 d 6 0 0 7
14838 m 4 19
14988 m 3 19
15154 m 2 19
15170 m 1 19
15471 m 2 19
15670 m 2 18
15688 d 2 0 0 2
15871 m 4 19
15990 r 1
16037 m 3 19
16053 m 2 19
16070 m 1 19
16087 m 0 19
16104 m -1 19
16288 d -1 2 0 2
16621 m 4 19
16690 r 1
17021 d 4 2 0 7
17154 m 4 19
17321 m 3 19
17471 m 2 19
17638 d 2 1 0 4
17754 m 4 19
17904 m 3 19
18054 m 2 19
18587 m 3 19
18653 m 3 18
18771 d 3 2 0 3
18920 m 4 19
19022 r 1
19086 m 3 19
19102 m 2 19
19119 m 1 19
19136 m 0 19
19354 d 0 4 0 5
19502 m 4 19
19620 r 1
19839 r 2
19988 r 3
20270 d 4 4 0 1
20387 m 6 19
20471 r 1
20622 r 2
20755 r 3
21053 d 6 3 0 6
21222 r 1
21538 d 5 6 0 2
21653 m 4 19
21738 r 1
21938 r 2
22053 m 3 19
22219 m 2 19
22436 d 2 5 0 5
22902 m 6 19
23021 r 1
23285 m 5 19
23451 m 4 19
23451 m 4 18
23468 m 3 18
23485 m 2 18
23868 h
24018 m 4 19
24184 m 3 19
24201 m 2 19
24217 m 1 19
24884 m 1 18
24918 d 1 6 0 1
25168 m 4 19
25334 m 3 19
25501 m 4 19
25735 d 4 6 0 7
26001 m 4 19
26086 r 1
26250 m 5 19
26568 d 5 8 0 4
26700 m 6 19
26850 m 7 19
26867 m 8 19
26886 r 1
27168 d 8 3 0 3
27349 m 4 19
27469 r 1
27500 m 3 19
27750 h
27950 m 4 19
28020 r 1
28183 m 3 19
28368 m 2 19
28517 m 1 19
28734 d 1 8 0 6
29016 m 4 19
29201 d 4 8 0 1
29366 m 4 19
29484 r 1
29532 m 3 19
29548 m 2 19
29565 m 1 19
29582 m 0 19
29598 m -1 19
29834 d -1 9 0 4
30100 m 4 19
30266 m 3 19
30433 m 2 19
30600 d 2 9 0 5
30835 r 1
31002 r 2
31066 m 4 19
31350 d 4 10 0 2
31649 m 4 19
31949 h
32484 r 1
32651 r 2
32849 d 5 11 0 6
33015 m 6 19
33181 m 7 19
33198 m 8 19
33215 m 9 19
33449 d 9 5 0 3
33732 m 6 19
33882 h
34048 m 6 19
34200 r 1
34200 m 7 19
34214 m 8 19
34566 d 8 8 0 7
34865 m 4 19
35064 m 3 19
35230 m 2 19
35247 m 1 19
35448 h
35631 m 4 19
35797 m 3 19
35814 m 2 19
35830 m 1 19
36248 d 1 11 0 2
36515 r 1
36664 m 4 19
36831 m 3 19
36997 m 2 19
37263 m 2 18
37281 d 2 12 0 4
38296 m 5 18
39064 m 4 18
39312 m 4 17
39846 h
40046 m 4 19
40314 d 4 12 0 3
40463 m 6 19
40628 m 7 19
40644 m 8 19
40662 r 1
40816 r 2
40915 r 3
40963 m 9 19
41313 d 9 10 0 5
42328 m 5 18
43195 m 4 18
43315 r 1
43345 m 4 17
43361 m 3 17
43378 m 2 17
43394 m 1 17
43411 m 0 17
43662 m 1 17
44029 d 1 13 0 1
45012 m 4 19
45044 m 4 18
45228 m 3 18
45478 m 4 18
45812 d 4 14 0 6
45994 m 4 19
46311 h
46361 m 4 19
46513 r 1
46513 m 3 19
46527 m 2 19
46543 m 1 19
46560 m 0 19
46577 m -1 19
46928 d -1 15 0 7
47094 m 4 19
47196 r 1
47378 m 3 19
47561 m 2 19
47711 m 1 19
47911 d 1 16 0 7
48162 r 1
48926 m 5 18
49094 d 5 13 0 6
49577 m 4 19
49760 m 3 19
50077 d 3 16 0 2
50393 m 4 19
50559 m 3 19
50576 m 2 19
50592 m 1 19
50612 r 1 m -1 19
51092 d -1 19 0 4
51592 m 6 19
52108 m 6 18
53124 m 6 17
53209 h
53492 m 6 19
53577 r 1
53845 r 2
54010 r 3
54075 m 7 19
54223 m 7 18
54408 d 7 14 0 3
54727 r 1
54877 r 2
55008 m 6 19
55377 r 3
55424 m 6 18
55608 d 6 16 0 5
55774 m 6 19
55940 m 7 19
55957 m 8 19
55994 r 1
56160 r 2
56243 r 3
56443 m 9 19
56623 m 9 18
56807 m 9 17
56973 m 9 16
56990 m 9 15
57007 m 9 14
57023 m 9 13
57143 r 0 m 8 12
57310 r 1 m 7 10
58040 d 7 10 2 1
58357 m 6 19
58523 m 7 19
58539 m 8 19
58559 r 1
58742 r 2
58826 r 3
58907 m 9 19
59040 m 9 18
59157 m 9 17
59322 m 9 16
59339 m 9 15
59356 m 9 14
59372 m 9 13
59389 m 9 12
59406 m 9 11
59422 m 9 10
59542 r 0 m 8 9
59725 r 1 m 7 7
60439 d 7 7 2 7
60942 r 1
61092 r 2
61242 r 3
61456 m 5 18
61657 d 5 11 0 6
61806 m 6 19
61941 r 1
62124 r 2
62258 r 3
62339 m 7 19
62623 d 7 11 0 5
62775 r 1
62872 m 4 19
63056 m 3 19
63289 d 3 12 0 4
63421 m 4 19
63655 m 3 19
63822 m 2 19
64006 d 2 12 0 2
64272 h
64505 m 4 19
64739 d 4 13 0 3
65104 m 6 19
65305 d 6 13 0 1
65521 m 6 19
65674 r 1
65674 m 7 19
65687 m 8 19
65856 r 2
65974 r 3
65988 m 9 19
66271 m 9 18
66437 m 9 17
66453 m 9 16
66470 m 9 15
66487 m 9 14
66503 m 9 13
66520 m 9 12
66537 m 9 11
66553 m 9 10
66570 m 9 9
66587 m 9 8
66603 m 9 7
66740 r 0 m 8 6
66889 r 1 m 7 4
67620 d 7 4 2 1
67954 r 1
68089 r 2
68187 m 6 19
68487 d 6 12 0 7
68637 m 4 19
68739 r 1
68802 m 3 19
68819 m 2 19
68836 m 1 19
68852 m 0 19
68869 m -1 19
69037 d -1 14 0 2
69120 m 4 19
69286 m 3 19
69437 m 2 19
69637 d 2 11 0 5
69789 r 1
69920 m 4 19
70055 r 2
70252 m 5 19
70470 d 5 13 0 6
70636 m 4 19
70869 m 3 19
71103 d 3 13 0 4
71269 h
71319 m 4 19
71422 r 1
71619 m 3 19
71769 m 2 19
71936 m 1 19
72119 m 0 19
72285 m 0 18
72303 d 0 14 0 3
72569 m 4 19
72753 d 4 14 0 5
72902 m 6 19
72987 r 1
73185 m 7 19
73337 r 2
73337 m 8 19
73570 r 3
73718 m 9 19
73767 m 9 18
73985 m 9 17
74151 m 9 16
74167 m 9 15
74184 m 9 14
74201 m 9 13
74217 m 9 12
74234 m 9 11
74251 m 9 10
74267 m 9 9
74284 m 9 8
74301 m 9 7
74317 m 9 6
74334 m 9 5
74351 m 9 4
74437 r 0 m 8 3
74603 r 1 m 7 1
75367 d 7 1 2 7
75651 m 6 19
75817 m 7 19
75836 r 1
75836 m 8 19
76020 r 2
76103 r 3
76151 m 9 19
76383 m 9 18
76434 m 9 17
76600 m 9 16
76617 m 9 15
76633 m 9 14
76650 m 9 13
76666 m 9 12
76683 m 9 11
76700 m 9 10
76716 m 9 9
76733 m 9 8
76750 m 9 7
76766 m 9 6
76783 m 9 5
76800 m 9 4
76816 m 9 3
76833 m 9 2
76850 m 9 1
76969 r 0 m 8 0
77268 d 8 0 0 1
77501 m 6 19
77636 r 1
77666 m 7 19
77683 m 8 19
77883 h
78000 m 6 19
78101 r 1
78165 m 7 19
78182 m 8 19
78366 d 8 1 0 2
78483 m 6 19
78601 r 1
78649 m 7 19
78665 m 8 19
78850 d 8 1 0 3
78932 m 6 19
79082 m 7 19
79102 r 1
79102 m 8 19
79299 d 8 1 0 4
79416 m 6 19
79582 m 7 19
79598 m 8 19
79615 m 9 19
79716 d 9 1 0 6
79883 m 6 19
80019 r 1
80049 m 7 19
80066 m 8 19
80267 d 8 2 0 1
80382 m 6 19
80599 m 7 19
80652 r 1
80802 r 2
81050 d 7 1 0 4
81164 m 6 19
81482 h
81582 m 6 19
81635 r 1
81766 m 7 19
82049 d 7 2 0 5
82633 h
82716 m 6 19
83182 m 5 19
83333 d 5 0 0 2
83614 h
83798 m 6 19
83867 r 1
83999 m 5 19
84101 r 2
84315 m 4 19
84566 d 4 2 0 7
84667 r 1
84798 m 6 19
84982 d 6 1 0 6
85165 m 6 19
85234 r 1
85434 r 2
85631 m 7 19
85881 m 6 19
85997 m 6 18
86065 d 6 3 0 3
86181 r 1
86231 m 4 19
86431 m 3 19
86614 h
86764 m 4 19
86931 m 3 19
87147 m 4 19
87314 d 4 3 0 2
87414 m 6 19
87500 r 1
87647 m 7 19
87881 d 7 4 0 3
88013 m 6 19
88098 r 1
88179 m 7 19
88195 m 8 19
88346 d 8 3 0 6
88663 h
89047 d 5 4 0 1
89146 m 6 19
89296 m 7 19
89312 m 8 19
89333 r 1
89532 m 7 19
89696 m 6 19
89712 m 5 19
89729 m 4 19
89746 m 3 19
89762 m 2 19
89996 m 3 19
90063 m 3 18
90214 d 3 6 0 4
90380 m 6 19
90533 r 1
90533 m 7 19
90545 m 8 19
90699 r 2
91198 r 3
91228 m 8 18
91346 m 9 18
91630 d 9 6 0 7
91778 m 6 19
91929 m 7 19
92062 m 8 19
92313 d 8 6 0 5
92496 m 6 19
92661 m 7 19
92678 m 8 19
92896 d 8 8 0 3
93029 m 6 19
93179 m 7 19
93312 m 8 19
93562 d 8 9 0 7
93745 m 6 19
93830 r 1
93911 m 7 19
94031 r 2
94129 m 8 19
94445 d 8 11 0 6
94745 h
95095 m 6 19
95214 r 1
95260 m 7 19
95277 m 8 19
95596 r 2
95730 r 3
95760 m 8 18
95847 r 0
96295 d 8 12 0 2
96413 r 1
96546 m 4 19
96744 m 5 19
96978 d 5 6 0 1
97127 m 4 19
97213 r 1
97396 r 2
97694 d 4 8 0 5
97829 r 1
98161 d 5 9 0 4
98327 m 4 19
98627 m 5 19
98894 d 5 9 0 5
99360 d 5 11 0 4
99510 m 6 19
99595 r 1
99893 h
100359 m 4 19
100563 r 1
100577 m 5 19
100743 m 6 19
100908 m 6 18
101110 d 6 13 0 7
101309 m 6 19
101479 r 1
101479 m 7 19
101492 m 8 19
101661 r 2
101795 r 3
102060 d 8 14 0 1
102242 m 4 19
102625 h
102709 m 4 19
102844 r 1
102875 m 3 19
102891 m 2 19
102908 m 1 19
102925 m 0 19
103078 r 2 m 1 19
103376 d 1 1 0 3
103576 m 4 19
103908 m 3 19
104042 h
104191 m 4 19
104341 m 3 19
104357 m 2 19
104374 m 1 19
104692 d 1 0 0 6
104858 m 4 19
104960 r 1
105024 m 3 19
105041 m 2 19
105058 m 1 19
105208 m 0 19
105441 m 1 19
105625 d 1 2 0 2
105807 m 4 19
105944 r 1
105974 m 3 19
105990 m 2 19
106007 m 1 19
106024 m 0 19
106040 m -1 19
106242 d -1 2 0 6
106357 m 4 19
106458 r 1
106657 m 3 19
106807 m 2 19
106990 m 1 19
107256 m 1 18
107841 h
108024 m 4 19
108143 r 1
108189 m 3 19
108206 m 2 19
108223 m 1 19
108239 m 0 19
108390 m 1 19
108641 d 1 2 0 1
108823 m 4 19
108942 r 1
108989 m 3 19
109006 m 2 19
109023 m 1 19
109039 m 0 19
109193 r 2 m 1 19
109309 r 3
109557 d 1 1 0 7
109739 m 4 19
109858 r 1
109905 m 3 19
109922 m 2 19
109938 m 1 19
109955 m 0 19
110323 d 0 1 0 4
110473 m 4 19
110639 m 3 19
110906 d 3 0 0 3
111122 m 4 19
111208 r 1
111272 m 3 19
111288 m 2 19
111305 m 1 19
111322 m 0 19
111922 m 0 18
112539 d 0 1 0 2
112839 m 4 19
112958 r 1
113004 m 3 19
113140 r 2
113274 r 3
113554 m 3 18
113605 m 3 17
113771 m 3 16
113787 m 3 15
113804 m 3 14
113821 m 3 13
113837 m 3 12
113854 m 3 11
113871 m 3 10
113887 m 3 9
113904 m 3 8
113921 m 3 7
113937 m 3 6
113954 m 3 5
113971 m 3 4
113987 m 3 3
114004 m 3 2
114021 m 3 1
114157 r 0
114690 r 1 m 2 1
114890 r 2 m 3 1
115037 d 3 1 0 5
115121 r 1
115721 m 4 19
115823 r 2
116054 m 4 18
116221 h
116390 r 1
116504 m 4 19
116637 m 3 19
116837 m 2 19
117004 d 2 1 0 5
117271 m 4 19
117488 d 4 1 0 4
117689 r 1
117937 h
118239 r 1
118406 r 2
118522 r 3
118570 m 6 19
118854 d 6 3 0 7
118970 m 4 19
119072 r 1
119135 m 3 19
119152 m 2 19
119169 m 1 19
119186 m 0 19
119354 d 0 1 0 1
119553 m 4 19
119803 m 5 19
