3 1 4 7 5 6 2
517 h 1
614 r 1
912 m 4 19
1464 d 4 1 0 2
1829 h
1945 m 4 19
2312 m 3 19
2528 m 2 19
2729 d 2 0 0 7
2830 r 1
3121 m 4 19
3244 d 4 3 0 6
3311 m 6 19
3377 m 6 18
3477 m 7 18
3543 m 7 17
3560 m 7 16
3577 m 7 15
3593 m 7 14
3611 m 7 13
3627 m 7 12
3644 m 7 11
3661 m 7 10
3677 m 7 9
3694 m 7 8
3711 m 7 7
3727 m 7 6
3744 m 7 5
3761 m 7 4
3777 m 7 3
3794 m 7 2
3811 m 7 1
3828 m 7 0
3911 m 6 0
4834 d 6 0 0 5
4993 m 4 19
5010 m 3 19
5027 m 2 19
5043 m 1 19
5078 r 1
5078 m 0 19
5345 d 0 1 0 4
5480 r 1
5480 m 4 19
5613 r 2
5744 m 3 19
5812 r 3
6152 d 3 1 0 3
6226 h
6313 r 1
6314 m 4 19
6561 d 4 5 0 5
6627 m 4 19
6760 m 3 19
7077 m 2 19
7178 d 2 3 0 4
7242 h
7330 r 1
7330 m 4 19
7477 m 3 19
7828 m 2 19
7944 d 2 5 0 6
8061 r 1
8061 m 4 19
8177 m 3 19
8326 m 2 19
8476 m 1 19
8660 d 1 5 0 2
8743 h
8812 r 1
9071 r 2
9195 r 3
9428 r 0
9628 r 1
9781 r 2
9781 m 5 18
9895 r 3
10175 d 5 7 0 1
10275 m 4 18
10441 m 3 18
10641 d 3 7 0 3
10726 h
10777 r 1
10777 m 4 18
10941 m 3 18
10958 m 2 18
10974 m 1 18
10991 m 0 18
11008 m -1 18
11192 d -1 5 0 7
11293 r 1
11357 m 4 18
11374 m 3 18
11391 m 2 18
11407 m 1 18
11424 m 0 18
11441 m -1 18
11758 h
11858 m 4 18
12024 m 3 18
12040 m 2 18
12057 m 1 18
12174 d 1 7 0 4
12309 r 1
12340 m 4 18
12443 m 3 18
12608 m 2 18
12741 m 1 18
12858 d 1 9 0 5
12976 r 1
12976 m 4 18
13140 m 3 18
13157 m 2 18
13174 m 1 18
13190 m 0 18
13342 d 0 10 0 7
13440 m 4 18
13690 d 4 9 0 2
13759 r 1
13807 m 4 18
14074 d 4 11 0 6
14124 m 4 18
14290 m 3 18
14440 m 2 18
14641 m 3 18
14741 d 3 10 0 3
14807 h
14873 m 4 18
15007 m 3 18
15140 m 2 18
15290 d 2 12 0 1
15373 h
15379 m 4 18
15458 r 1
15539 m 3 18
15556 m 2 18
15573 m 1 18
15590 m 0 18
15775 d 0 13 0 2
15873 m 4 18
16006 m 3 18
16190 d 3 13 0 1
16290 m 4 14
16456 m 3 14
16640 m 2 14
16758 d 2 14 0 5
16991 h
17058 r 1
17452 r 2 m 5 16
17555 m 4 16
17858 r 3
18005 m 4 15
18139 d 4 15 0 4
18342 r 1
18342 h
18492 r 1
18608 r 2
18807 r 3
18973 d 5 15 0 6
19038 m 4 19
19188 m 3 19
19205 m 2 19
19221 m 1 19
19389 d 1 15 0 3
19455 h
19540 r 1
19540 m 4 19
19554 m 3 19
19571 m 2 19
19589 m 1 19
19604 m 0 19
19707 r 2 m 1 19
19989 d 1 17 0 7
20122 h
20188 m 4 19
20305 m 3 19
20572 d 3 17 0 7
20721 h
20754 m 6 19
20839 r 1
20922 m 7 19
20938 m 8 19
21139 r 2
21272 r 3
21272 m 9 19
21455 d 9 1 0 4
21621 m 6 19
21637 m 7 19
21872 d 7 2 0 6
22053 h
22219 r 1
22236 m 6 19
22554 d 6 1 0 2
22705 h
22710 m 6 19
22788 r 1
22870 m 7 19
22887 m 8 19
23003 m 8 18
23170 m 8 17
23186 m 8 16
23203 m 8 15
23220 m 8 14
23237 m 8 13
23253 m 8 12
23253 m 7 12
23270 m 7 11
23286 m 7 10
23303 m 7 9
23319 m 7 8
23336 m 7 7
23353 m 7 6
23382 m 7 5
23402 m 7 4
23420 m 7 3
23436 m 7 2
23571 r 2 m 8 1
24437 d 8 1 0 1
24787 h
24853 m 6 19
24871 r 1
25187 d 6 1 0 3
25286 m 6 19
25352 h
25452 m 6 19
25468 m 7 19
25486 m 8 19
25502 m 9 19
25735 d 9 0 0 5
25886 m 6 19
25903 m 7 19
25920 m 8 19
25938 r 1
26070 r 2
26252 m 7 19
26385 d 7 1 0 5
26519 h
26525 m 6 19
26587 r 1
26685 m 7 19
26702 m 8 19
26737 r 2
26870 r 3
26870 m 9 19
27103 d 9 1 0 6
27268 m 6 19
27284 m 7 19
27313 m 8 19
27602 m 7 19
27869 d 7 1 0 3
28001 m 6 19
28168 m 7 19
28184 m 8 19
28354 d 8 1 0 4
28536 h
28635 m 6 19
28785 m 7 19
28952 m 8 19
29102 m 7 19
29202 d 7 0 0 1
29418 h
29518 m 6 19
29535 r 1
29801 d 6 1 0 2
29902 m 6 19
30067 m 7 19
30168 d 7 2 0 7
30334 m 6 19
30350 m 7 19
30568 d 7 2 0 7
30717 h
30721 m 6 19
30733 m 7 19
30750 m 8 19
30767 m 9 19
31035 d 9 0 0 5
31218 h
31317 m 6 19
31336 r 1
31618 d 6 1 0 2
32141 r 1
32285 d 5 3 0 1
32752 r 1
32752 m 6 19
33033 m 5 19
33150 h
33200 m 4 19
33216 m 3 19
33234 m 2 19
33251 m 1 19
33500 d 1 2 0 3
33600 m 4 19
33701 r 1
33817 h
33866 m 4 19
34016 m 3 19
34150 m 2 19
34368 d 2 3 0 4
34467 h
34499 m 4 19
34518 r 1
34684 r 2
34818 r 3
34983 d 4 3 0 6
35049 m 4 19
35101 r 1
35200 m 3 19
35216 m 2 19
35232 m 1 19
35249 m 0 19
35433 d 0 5 0 6
35533 m 6 19
35610 r 1
35699 m 7 19
35716 m 8 19
35751 r 2 m 7 19
35816 h
35822 m 6 19
35832 m 7 19
35849 m 8 19
35884 r 1
36034 r 2
36166 r 3
36166 m 9 19
36365 m 9 18
36516 m 9 17
36533 m 9 16
36550 m 9 15
36566 m 9 14
36583 m 9 13
36600 m 9 12
36616 m 9 11
36633 m 9 10
36649 m 9 9
36666 m 9 8
36683 m 9 7
36699 m 9 6
36716 m 9 5
36733 m 9 4
36749 m 9 3
36766 m 9 2
36783 m 9 1
36917 r 0 m 8 0
37798 d 8 0 1 4
37932 m 6 13
38099 m 7 13
38115 m 8 13
38232 h
38238 m 6 13
38248 m 7 13
38301 r 1
38301 m 8 13
38565 d 8 2 0 5
38799 m 6 13
38950 r 1
39049 h
39132 m 6 13
39167 r 1
39382 m 7 13
39599 d 7 2 0 3
39780 m 4 13
40065 m 3 13
40298 d 3 4 0 1
40400 r 1
40414 m 4 13
40581 m 3 13
40598 m 2 13
40614 m 1 13
40631 m 0 13
40798 d 0 6 0 7
40916 r 1
40916 m 6 13
41081 m 7 13
41097 m 8 13
41232 d 8 3 0 2
41498 h
41583 r 1
41583 m 6 13
41864 d 6 3 0 3
41997 h
42098 r 1
42564 m 4 13
42650 r 2
42721 r 3
42721 m 3 13
42746 m 2 13
42764 m 1 13
42866 r 0
42998 m 1 12
43214 m 2 12
43266 r 1
43416 r 2
43549 r 3
43830 m 3 12
43949 d 3 5 0 1
44046 h
44147 r 1
44147 m 4 13
44465 d 4 2 0 5
44647 h
44716 r 1
44716 m 4 13
45030 d 4 2 0 6
45214 r 1
45214 m 6 14
45513 d 6 1 0 4
45580 m 6 14
45680 h
45746 m 6 14
45762 m 7 14
45779 m 8 14
45796 m 9 14
45963 d 9 0 0 7
46265 h
46364 r 1
46364 m 6 15
46514 r 2
46746 d 6 2 0 2
46812 m 6 15
46978 m 7 15
46995 m 8 15
47012 m 9 15
47179 d 9 1 0 6
47268 m 4 15
47428 m 3 15
47445 m 2 15
47461 m 1 15
47597 d 1 1 0 4
47697 r 1
47697 m 4 15
47862 m 3 15
48079 d 3 2 0 1
48228 m 4 15
48280 r 1
48378 m 3 15
48395 m 2 15
48414 r 2
48414 m 1 15
48629 d 1 1 0 2
48744 m 6 15
48845 h
48895 m 6 15
48911 m 7 15
48928 m 8 15
49161 m 7 15
49378 d 7 0 0 7
49561 h
49646 r 1
49646 m 4 16
49911 d 4 1 0 5
49978 m 6 16
49996 r 1
50112 r 2
50144 m 7 16
50161 m 8 16
50281 r 3
50281 m 9 16
50395 d 9 1 0 3
50563 r 1
50644 m 6 17
50846 r 2
50911 m 5 17
51077 m 4 17
51094 m 3 17
51111 m 2 17
51275 m 1 17
51411 m 1 16
51445 m 2 16
51562 d 2 1 0 1
51643 m 4 17
51677 h
51794 m 4 17
51814 r 1
51815 m 3 17
51830 m 2 17
51862 m 1 17
51877 m 0 17
52078 d 0 1 0 2
52210 m 6 17
52411 m 7 17
52544 m 6 17
52745 d 6 0 0 4
52944 h
52993 m 4 17
53160 m 3 17
53410 d 3 0 0 3
53562 r 1
53832 r 2
54010 r 3
54176 d 5 2 0 7
54260 h
54312 r 1
54312 m 4 18
54460 m 3 18
54593 m 2 18
54760 m 1 18
54877 d 1 2 0 6
54976 m 4 18
55111 m 3 18
55327 d 3 2 0 5
55429 r 1
55429 m 4 18
55677 d 4 4 0 7
55743 m 4 18
55860 m 3 18
56060 m 2 18
56226 d 2 4 0 6
56292 m 4 18
56443 m 3 18
56576 m 2 18
56677 d 2 5 0 4
56760 h
56767 m 4 18
56810 r 1
56925 m 3 18
56942 m 2 18
56958 m 1 18
56984 m 0 18
56991 m -1 18
57193 d -1 4 0 3
57277 h
57326 m 4 18
57526 m 3 18
57759 m 2 18
57909 m 1 18
58026 d 1 6 0 2
58092 h
58158 m 4 18
58176 r 1
58443 d 4 6 0 1
58509 h
58542 m 4 18
58577 r 1
58743 r 2
58877 r 3
58992 m 3 18
59141 d 3 8 0 5
59210 r 1
59344 r 2
59511 r 3
59693 d 5 8 0 4
59728 m 4 18
59892 m 3 18
59909 m 2 18
59925 m 1 18
60193 d 1 8 0 7
60357 m 4 18
60541 m 3 18
60758 m 2 18
60925 d 2 9 0 3
60980 m 4 18
61140 m 3 18
61157 m 2 18
61174 m 1 18
61358 d 1 10 0 5
61493 r 1
61525 m 4 18
61541 m 3 18
61558 m 2 18
61659 m 1 18
61879 m 2 18
62009 d 2 12 0 2
62110 r 1
62157 m 4 18
62457 d 4 10 0 6
62560 r 1
62574 m 4 18
62740 m 3 18
62757 m 2 18
62773 m 1 18
62790 m 0 18
62807 m -1 18
62957 d -1 14 0 1
63076 r 1
63076 m 4 18
63225 m 3 18
63408 d 3 12 0 3
63457 r 1
63592 r 2
63742 r 3
63891 d 5 13 0 5
63973 h
64057 r 1
64057 m 4 18
64190 m 3 18
64341 m 2 18
64474 m 1 18
64606 m 0 18
64757 d 0 14 0 7
64857 h
64923 m 4 18
65056 m 3 18
65306 d 3 14 0 1
65506 m 6 18
65574 r 1
65673 m 7 18
65689 m 8 18
65741 r 2
65956 d 8 1 0 2
66172 m 6 18
66190 r 1
66506 h
66572 m 6 18
66739 m 7 18
66873 d 7 1 0 6
67040 r 1
67040 m 6 18
67205 m 7 18
67355 m 6 18
67522 d 6 1 0 4
67605 m 6 18
67771 m 7 18
67788 m 8 18
67805 m 9 18
67954 d 9 0 0 2
68105 m 6 18
68121 m 7 18
68372 d 7 1 0 4
68558 r 1
68558 m 6 18
68823 d 6 1 0 6
68921 m 6 18
69087 m 7 18
69104 m 8 18
69254 d 8 0 0 7
69420 m 6 18
69437 m 7 18
69454 m 8 18
69556 r 1
69707 r 2
69955 h
69959 m 6 18
69971 m 7 18
69987 m 8 18
70038 r 1
70172 r 2
70323 d 8 1 0 5
70555 r 1
70587 m 6 18
70971 d 6 1 0 1
71087 m 6 18
71255 m 7 18
71271 m 8 18
71622 h
71671 m 6 18
71691 r 1
71822 m 7 18
71838 m 8 18
71955 m 8 17
72205 r 2
72355 r 3
72404 m 9 17
72604 m 9 16
72770 m 9 15
72787 m 9 14
72804 m 9 13
72820 m 9 12
72837 m 9 11
72853 m 9 10
72870 m 9 9
72887 m 9 8
72904 m 9 7
72920 m 9 6
72937 m 9 5
72953 m 9 4
72970 m 9 3
72987 m 9 2
73003 m 9 1
73139 r 0 m 8 0
74020 d 8 0 0 3
74354 r 1
74369 m 4 18
74535 m 3 18
74552 m 2 18
74569 m 1 18
74586 m 0 18
74753 d 0 7 0 4
74870 r 1
74870 m 4 18
74985 m 3 18
75135 m 2 18
75275 m 1 18
75436 d 1 7 0 6
75502 m 4 15
75536 r 1
75652 m 3 15
75671 r 2
75671 m 2 15
75686 m 1 15
75886 d 1 9 0 5
75988 r 1
75988 m 4 15
76270 d 4 5 0 3
76352 h
76420 r 1
76420 m 4 12
76720 d 4 7 0 1
76886 h
76892 m 4 12
77052 m 3 12
77070 r 1
77070 m 2 12
77419 d 2 8 0 7
77468 m 4 20
77485 m 3 20
77501 m 2 20
77518 m 1 20
77803 d 1 10 0 2
77937 r 1
77985 m 4 15
78418 d 4 9 0 5
78518 h
78587 r 1
78920 r 2
79086 r 3 m 6 11
79253 r 0
79385 m 5 11
79436 r 1
79534 d 5 11 0 7
79583 m 6 20
79600 m 7 20
79952 r 1
79952 m 8 20
80202 r 2 m 7 20
80502 r 3
80502 m 8 20
80517 m 9 20
80567 m 9 19
80734 m 9 18
80769 r 0 m 7 18
80900 m 7 17
80917 m 7 16
80933 m 7 15
80950 m 7 14
80966 m 7 13
81102 r 1
81102 m 7 12
81102 m 8 12
81116 m 8 11
81133 m 8 10
81150 m 8 9
81166 m 8 8
81183 m 8 7
81200 m 8 6
81216 m 8 5
81233 m 8 4
81264 m 8 3
81335 r 2 m 7 3
81335 m 7 2
81601 d 7 2 0 1
81766 m 6 15
81782 m 7 15
81802 m 8 15
81816 m 9 15
82018 h
82026 m 6 15
82039 m 7 15
82066 m 8 15
82085 r 1
82251 r 2
82450 m 8 14
82616 m 8 13
82633 m 8 12
82649 m 8 11
82666 m 8 10
82682 m 8 9
82699 m 8 8
82716 m 8 7
82733 m 8 6
82733 m 7 6
82763 m 7 5
82783 m 7 4
82799 m 7 3
82817 m 7 2
82833 m 7 1
82968 d 7 1 0 6
83249 m 4 15
83467 h
83515 m 4 15
83616 m 3 15
83750 m 2 15
84000 m 3 15
84116 d 3 8 0 2
84217 r 1
84217 m 4 15
84401 r 2
84567 d 4 10 0 4
84665 m 6 15
84700 r 1
84816 m 7 15
84835 r 2
84835 m 8 15
84969 r 3
84969 m 9 15
85100 d 9 1 0 3
85216 r 1
85265 m 6 15
85281 m 7 15
85298 m 8 15
85398 m 8 14
85565 m 8 13
85581 m 8 12
85598 m 8 11
85615 m 8 10
85633 m 8 9
85649 m 8 8
85666 m 8 7
85682 m 8 6
85699 m 8 5
85716 m 8 4
85842 r 2 m 7 4
85842 m 7 3
86000 r 3
86000 m 7 2
86284 r 0
87014 d 7 2 0 6
87298 d 5 9 0 1
87398 m 6 15
87430 h
87499 r 1
87548 m 6 15
87565 m 7 15
87581 m 8 15
87865 m 7 15
87998 m 8 15
88064 m 8 14
88148 m 7 14
88232 m 7 13
88247 m 7 12
88264 m 7 11
88281 m 7 10
88297 m 7 9
88314 m 7 8
88331 m 7 7
88347 m 7 6
88364 m 7 5
88381 m 7 4
88397 m 7 3
88414 m 7 2
88581 m 6 2
88597 m 6 1
88899 r 2 m 7 1
89614 d 7 1 0 3
89932 r 1
89932 m 6 15
90065 r 2
90097 m 7 15
90113 m 8 15
90315 r 3
90315 m 9 15
90448 r 0 m 8 15
90549 r 1
90630 m 8 14
90815 m 8 13
90981 m 8 12
90997 m 8 11
91014 m 8 10
91031 m 8 9
91052 m 8 8
91052 m 7 8
91063 m 7 7
91080 m 7 6
91097 m 7 5
91114 m 7 4
91130 m 7 3
91147 m 7 2
91213 m 6 2
91230 m 6 1
91414 d 6 1 0 7
91513 m 6 15
91630 r 1
91679 m 7 15
91697 m 8 15
91765 r 2
91882 r 3
91882 m 9 15
92063 m 9 14
92229 m 9 13
92246 m 9 12
92263 m 9 11
92279 m 9 10
92296 m 9 9
92313 m 9 8
92329 m 9 7
92346 m 9 6
92363 m 9 5
92379 m 9 4
92396 m 9 3
92413 m 9 2
92429 m 9 1
92531 r 0 m 8 0
93446 d 8 0 0 2
93612 m 6 15
93649 m 7 15
93662 m 8 15
93729 h
93735 m 6 15
93745 m 7 15
93762 m 8 15
93847 r 1
94047 d 8 1 0 5
94213 m 6 15
94229 m 7 15
94246 m 8 15
94263 m 9 15
94296 h
94301 m 6 15
94312 m 7 15
94329 m 8 15
94446 m 8 14
94612 m 8 13
94629 m 8 12
94645 m 8 11
94662 m 8 10
94679 m 8 9
94695 m 8 8
94712 m 8 7
94729 m 8 6
94745 m 8 5
94762 m 8 4
94779 m 8 3
94795 m 8 2
94812 m 8 1
94929 m 7 1
94945 m 7 0
95113 d 7 0 0 4
95413 m 6 15
95545 r 1
95578 m 7 15
95595 m 8 15
95696 r 2
95879 d 8 2 0 1
96044 m 6 15
96061 m 7 15
96078 m 8 15
96129 r 1
96563 h
96611 m 4 15
96775 m 3 15
96793 m 2 15
96811 m 1 15
97014 d 1 2 0 4
97195 m 4 15
97261 m 5 15
97412 m 6 15
97428 m 7 15
97445 m 8 15
97462 m 9 15
97745 m 8 15
97946 d 8 1 0 7
98079 r 1
98079 m 4 15
98178 m 3 15
98344 m 2 15
98478 d 2 3 0 6
98612 h
98617 m 6 15
98761 m 7 15
98961 d 7 3 0 2
99044 m 6 15
99061 h
99096 r 1
99210 m 6 15
99227 m 7 15
99246 r 2
99246 m 8 15
99379 r 3
99379 m 9 15
99578 d 9 3 0 3
99694 m 4 15
99994 d 4 2 0 5
100128 h
100246 r 1
100494 m 4 15
100660 m 3 15
100676 m 2 15
100693 m 1 15
100710 m 0 15
100726 m -1 15
101110 m 0 15
101144 m 0 14
101244 m 1 14
101428 m 2 14
101728 d 2 5 0 7
101795 m 4 15
101944 m 3 15
102093 m 2 15
102261 m 1 15
102511 d 1 2 0 4
102860 m 6 15
103026 m 7 15
103043 m 8 15
103211 d 8 2 0 6
103377 h
103630 r 1
103630 m 4 15
103826 m 3 15
103976 m 2 15
104127 m 1 15
104393 m 1 14
104450 m 0 14
104561 d 0 3 0 1
104661 r 1
104677 m 4 15
104811 r 2
104842 m 3 15
104859 m 2 15
104876 m 1 15
104978 r 3
105242 m 2 15
105359 d 2 4 0 2
105491 h
105495 m 4 15
105562 r 1
105658 m 3 15
105675 m 2 15
105692 m 1 15
105708 m 0 15
105942 d 0 5 0 5
106027 r 1
106326 d 5 2 0 3
106558 m 6 14
106599 r 1
106725 r 2
106946 m 7 14
107093 d 7 1 0 5
107174 h
107492 d 5 0 0 3
107612 m 6 12
107792 m 5 12
107959 d 5 2 0 1
108057 m 6 12
108224 m 7 12
108392 d 7 2 0 7
108575 h
108643 r 1
108643 m 6 12
108825 m 5 12
108974 m 4 12
109174 d 4 4 0 2
109257 m 6 10
109408 m 7 10
109426 r 1
109426 m 8 10
109642 d 8 2 0 4
109757 m 4 10
109924 m 3 10
110141 d 3 0 0 6
110292 r 1
110292 m 6 9
110490 m 7 9
110640 d 7 2 0 6
110681 m 4 9
110841 m 3 9
110857 m 2 9
110876 m 1 9
111075 d 1 0 0 2
111206 m 6 10
111657 d 6 0 0 3
111839 m 4 10
111908 r 1
111989 h
112090 r 1
112106 m 4 10
112239 m 3 10
112422 m 2 10
112590 d 2 2 0 4
112706 r 1
112706 m 6 10
112923 h
112975 r 1
112975 m 6 10
113141 r 2
113274 r 3
113439 m 7 10
113623 d 7 2 0 7
113772 m 6 6
114106 m 5 6
114240 d 5 2 0 1
114372 m 4 6
114573 m 5 6
114591 h
114617 r 1
114738 m 6 6
114755 m 7 6
114774 r 2
114774 m 8 6
114924 r 3
114924 m 9 6
115223 d 9 2 0 5
115340 m 4 6
115374 r 1
115505 m 3 6
115522 m 2 6
115539 m 1 6
115557 r 2
115706 r 3
115822 d 1 2 0 1
115956 r 1
116089 r 2
116288 d 5 3 0 2
116505 m 4 6
116655 m 5 6
116788 m 6 6
116938 m 7 6
116955 m 8 6
116971 m 9 6
